0 0.612597 0.304800 0.142832 0.580258
0 0.123469 0.302981 0.143866 0.578638
0 0.375031 0.785023 0.118986 0.429953
0 0.247268 0.297347 0.146134 0.580094
0 0.490026 0.306620 0.142874 0.577230
0 0.733783 0.298380 0.142299 0.579202
0 0.982027 0.792207 0.035946 0.412535
0 0.816311 0.785927 0.128234 0.428146
0 0.596097 0.791303 0.123229 0.417394
0 0.706923 0.785739 0.125444 0.428521
0 0.370308 0.300305 0.136750 0.567465
0 0.264984 0.785070 0.126311 0.429859
0 0.948835 0.308850 0.102330 0.555352
0 0.852968 0.303603 0.140439 0.560305
0 0.484467 0.789953 0.125904 0.420094
0 0.151082 0.786843 0.124963 0.426315
0 0.921452 0.783932 0.131139 0.432136
0 0.050350 0.784977 0.100679 0.430047
0 0.037059 0.306514 0.074117 0.560399
