0 0.711892 0.153982 0.112465 0.307965
0 0.606484 0.154956 0.102969 0.309912
0 0.485148 0.593274 0.113038 0.596106
0 0.589071 0.554735 0.106962 0.527522
0 0.261875 0.641681 0.120139 0.618053
0 0.698177 0.540177 0.115625 0.556637
0 0.903438 0.475973 0.098264 0.510708
0 0.817049 0.150044 0.110382 0.300088
0 0.492656 0.161549 0.109306 0.323097
0 0.375512 0.637345 0.113698 0.556814
0 0.807057 0.522212 0.109635 0.558938
0 0.917717 0.135708 0.103767 0.271416
0 0.152005 0.217478 0.117101 0.320619
0 0.145417 0.659602 0.120278 0.625044
0 0.050694 0.549646 0.085312 0.891327
0 0.381337 0.201150 0.116319 0.402301
0 0.267769 0.190841 0.114635 0.360265
