0 0.270669 0.550740 0.082550 0.882444
0 0.374347 0.683617 0.057534 0.617267
0 0.019065 0.567508 0.038130 0.852701
0 0.202884 0.604823 0.063762 0.780514
0 0.146677 0.609904 0.054211 0.771190
0 0.080455 0.576672 0.093678 0.839389
0 0.889237 0.756045 0.091264 0.438907
0 0.676714 0.637042 0.086719 0.685402
0 0.983537 0.649952 0.032696 0.645498
0 0.439274 0.604582 0.074514 0.775338
0 0.516620 0.612042 0.084525 0.754887
0 0.595392 0.643698 0.081693 0.687910
0 0.762816 0.609148 0.098819 0.746785
0 0.889666 0.268810 0.096614 0.523344
