0 0.383887 0.497395 0.074796 0.994790
0 0.528265 0.496050 0.072539 0.992101
0 0.243130 0.478697 0.072989 0.957395
0 0.310455 0.486176 0.073448 0.972353
0 0.737194 0.500000 0.075078 0.998824
0 0.813887 0.504874 0.095778 0.990252
0 0.668171 0.500000 0.074629 1.000000
0 0.884525 0.506723 0.089007 0.986555
0 0.040690 0.489790 0.081379 0.964118
0 0.951092 0.514916 0.092842 0.970168
0 0.102017 0.479958 0.086416 0.952857
0 0.598767 0.500000 0.074148 1.000000
0 0.454927 0.498361 0.072591 0.993361
0 0.170972 0.483571 0.079436 0.967143
