0 0.767428 0.653728 0.062150 0.692545
0 0.102674 0.669821 0.083529 0.582796
0 0.594086 0.675735 0.075337 0.647097
0 0.249813 0.734803 0.070684 0.479713
0 0.879128 0.661774 0.074813 0.676452
0 0.711214 0.645251 0.069080 0.709498
0 0.529342 0.676792 0.071882 0.646416
0 0.464508 0.663728 0.077722 0.657419
0 0.320326 0.796720 0.080075 0.370287
0 0.179332 0.673835 0.087733 0.583799
0 0.034444 0.668961 0.068888 0.590824
0 0.393941 0.803602 0.077337 0.372294
0 0.392711 0.407258 0.079497 0.428781
0 0.655444 0.644552 0.066182 0.703513
0 0.820203 0.661237 0.065176 0.677527
0 0.941551 0.667993 0.071914 0.664014
0 0.318668 0.397007 0.081059 0.441541
