0 0.234556 0.413552 0.073028 0.704661
0 0.454361 0.502783 0.060972 0.649910
0 0.820868 0.491244 0.088708 0.614796
0 0.747132 0.485656 0.080542 0.639276
0 0.674576 0.418733 0.070403 0.537738
0 0.104333 0.380113 0.065250 0.713077
0 0.965229 0.589027 0.069431 0.728824
0 0.528472 0.456878 0.079889 0.707421
0 0.602417 0.459638 0.066250 0.647421
0 0.038486 0.361810 0.076972 0.707240
0 0.897861 0.571041 0.087306 0.734299
0 0.167285 0.394842 0.069819 0.722172
0 0.306167 0.429502 0.071556 0.711041
0 0.375028 0.446222 0.066583 0.743937
