0 0.874306 0.757134 0.109927 0.485733
0 0.135162 0.725090 0.089614 0.419537
0 0.550120 0.662044 0.112537 0.612468
0 0.336634 0.745141 0.101159 0.416093
0 0.442281 0.649910 0.108361 0.618278
0 0.973862 0.351465 0.052276 0.482159
0 0.130485 0.272288 0.097693 0.475116
0 0.974974 0.789422 0.050052 0.421157
0 0.042599 0.277442 0.085052 0.471080
0 0.233805 0.735103 0.102244 0.412571
0 0.657370 0.745347 0.108998 0.465398
0 0.765391 0.750810 0.109718 0.479871
0 0.335506 0.291915 0.104812 0.485167
0 0.041853 0.719152 0.083643 0.411568
0 0.229316 0.284769 0.106253 0.482494
