0 0.967249 0.725882 0.065501 0.405524
0 0.661999 0.310166 0.103998 0.470870
0 0.956420 0.300217 0.086263 0.458286
0 0.142401 0.790307 0.109228 0.403887
0 0.672531 0.750332 0.096837 0.410486
0 0.569744 0.702187 0.111263 0.506675
0 0.139092 0.350141 0.112589 0.474194
0 0.865391 0.307123 0.101576 0.463913
0 0.249504 0.783248 0.098152 0.403683
0 0.041310 0.354821 0.082516 0.487749
0 0.041936 0.804156 0.083747 0.390205
0 0.461921 0.709501 0.109165 0.510512
0 0.875866 0.735524 0.099102 0.394015
0 0.763820 0.309361 0.099749 0.468389
0 0.550297 0.343951 0.099238 0.313632
0 0.353252 0.338171 0.095501 0.294246
0 0.352719 0.726509 0.110491 0.504322
0 0.770752 0.744604 0.102714 0.401279
