0 0.803850 0.725207 0.042546 0.466612
0 0.898850 0.749050 0.048037 0.479917
0 0.297362 0.548719 0.063252 0.546198
0 0.691587 0.686240 0.054402 0.504380
0 0.047117 0.459008 0.072546 0.568264
0 0.584755 0.644752 0.056288 0.507851
0 0.847094 0.739091 0.063972 0.483140
0 0.950552 0.758926 0.061074 0.473719
0 0.418612 0.585413 0.060874 0.528678
0 0.236265 0.518678 0.062837 0.561157
0 0.114831 0.504835 0.068497 0.616281
0 0.531518 0.627479 0.051994 0.513140
0 0.358666 0.566281 0.062331 0.536694
0 0.177109 0.498140 0.059310 0.554298
0 0.638696 0.670909 0.057239 0.510083
0 0.477630 0.607107 0.060598 0.523636
0 0.746572 0.699835 0.061702 0.503140
