0 0.241153 0.311986 0.063863 0.507671
0 0.298434 0.750342 0.060302 0.358904
0 0.355946 0.759692 0.059587 0.357329
0 0.533545 0.782534 0.048203 0.339178
0 0.481955 0.782123 0.064738 0.347808
0 0.920167 0.805548 0.102369 0.345753
0 0.923347 0.427740 0.103450 0.464384
0 0.819213 0.802226 0.098998 0.331712
0 0.580421 0.778767 0.048601 0.349863
0 0.822639 0.431644 0.104356 0.446986
0 0.716757 0.809829 0.107663 0.345959
0 0.117305 0.728801 0.059793 0.399247
0 0.721447 0.422637 0.104134 0.485411
0 0.051820 0.715445 0.072162 0.377603
0 0.534841 0.374349 0.056486 0.484726
0 0.586065 0.382877 0.053879 0.475616
0 0.481017 0.362363 0.061653 0.487603
0 0.632774 0.788116 0.060016 0.357740
0 0.176153 0.737055 0.064229 0.380137
0 0.416669 0.771267 0.061097 0.360342
0 0.054825 0.276952 0.074674 0.517055
0 0.238672 0.741404 0.062210 0.356781
0 0.120294 0.279521 0.063990 0.504658
0 0.641041 0.381336 0.063005 0.458836
0 0.421590 0.354041 0.065533 0.487397
0 0.300374 0.324692 0.062782 0.498014
0 0.359714 0.336884 0.064515 0.493356
0 0.180763 0.293082 0.065437 0.505753
