0 0.434381 0.420079 0.083055 0.344392
0 0.938829 0.360714 0.086890 0.328095
0 0.534983 0.690238 0.112999 0.309365
0 0.933289 0.669233 0.086243 0.262910
0 0.348763 0.421587 0.085842 0.351746
0 0.849710 0.681481 0.079554 0.255873
0 0.534114 0.341138 0.116812 0.394762
0 0.640753 0.340344 0.093567 0.386931
0 0.748824 0.344947 0.124337 0.390635
0 0.050914 0.650582 0.080691 0.497989
0 0.852441 0.389180 0.080713 0.331058
0 0.437475 0.763307 0.082486 0.338148
0 0.352793 0.759392 0.086232 0.327143
0 0.242319 0.738862 0.130903 0.297302
0 0.638473 0.682063 0.091572 0.299365
0 0.747363 0.682407 0.124247 0.288307
0 0.130006 0.647460 0.079075 0.480952
