0 0.650890 0.364279 0.065692 0.336144
0 0.178585 0.677837 0.093569 0.406395
0 0.973949 0.166630 0.051769 0.314514
0 0.936556 0.187132 0.057378 0.310376
0 0.886077 0.219201 0.078314 0.332508
0 0.042034 0.773636 0.084069 0.367022
0 0.821634 0.250768 0.065203 0.333323
0 0.323595 0.565627 0.073913 0.334890
0 0.764469 0.300580 0.066545 0.333824
0 0.590109 0.409984 0.067607 0.347806
0 0.708470 0.333558 0.060541 0.326865
0 0.526202 0.455815 0.070697 0.349248
0 0.461348 0.493323 0.072310 0.360251
0 0.392919 0.541113 0.075786 0.360470
0 0.253871 0.604718 0.089823 0.348119
0 0.104974 0.727226 0.107118 0.411505
