0 0.365791 0.439686 0.080177 0.429670
0 0.365666 0.826931 0.075078 0.342178
0 0.293257 0.826832 0.067014 0.342310
0 0.512456 0.824818 0.071134 0.349373
0 0.222513 0.418135 0.069625 0.432442
0 0.290947 0.442376 0.070635 0.421188
0 0.866301 0.798779 0.089688 0.402442
0 0.763392 0.803581 0.090198 0.392838
0 0.589287 0.416007 0.076847 0.440000
0 0.668153 0.406898 0.079927 0.446997
0 0.767180 0.363960 0.088554 0.488581
0 0.587050 0.819653 0.074662 0.360693
0 0.442388 0.433102 0.074953 0.427525
0 0.873455 0.352739 0.091717 0.481254
0 0.441857 0.827838 0.072914 0.338251
0 0.514745 0.431535 0.073965 0.423927
0 0.225864 0.817492 0.066982 0.358350
0 0.095499 0.823168 0.071686 0.343102
0 0.090541 0.440281 0.071655 0.418647
0 0.162253 0.819191 0.063319 0.354092
0 0.664599 0.816155 0.080874 0.367690
0 0.029766 0.821535 0.059532 0.348350
0 0.157060 0.428762 0.063486 0.418515
0 0.974599 0.334026 0.050801 0.511221
0 0.974053 0.794538 0.051374 0.393762
0 0.027081 0.434884 0.054162 0.415710
