0 0.579124 0.471698 0.068373 0.943396
0 0.384256 0.502594 0.072378 0.994811
0 0.451370 0.492783 0.072281 0.985566
0 0.820800 0.466698 0.071780 0.933396
0 0.517344 0.485613 0.069235 0.971226
0 0.882476 0.467594 0.067677 0.935189
0 0.640396 0.470708 0.067497 0.941415
0 0.758971 0.463208 0.066481 0.926415
0 0.251481 0.499009 0.072476 0.998019
0 0.189618 0.504717 0.067886 0.990566
0 0.125376 0.503632 0.076620 0.992736
0 0.946801 0.466840 0.075466 0.933679
0 0.054284 0.504953 0.081558 0.990094
0 0.016273 0.541698 0.032545 0.911887
0 0.317065 0.499764 0.072768 0.998585
0 0.699757 0.467500 0.066495 0.935000
