0 0.899431 0.812754 0.077333 0.374492
0 0.736215 0.813887 0.080153 0.372227
0 0.499507 0.803281 0.082931 0.375547
0 0.336924 0.777266 0.078653 0.414844
0 0.671174 0.386797 0.090736 0.477031
0 0.752972 0.390449 0.083444 0.461758
0 0.066361 0.762559 0.085639 0.395508
0 0.579257 0.806367 0.076958 0.377031
0 0.150049 0.783281 0.079375 0.373906
0 0.416910 0.790703 0.082736 0.398906
0 0.243111 0.668887 0.083611 0.211055
0 0.897556 0.401621 0.076333 0.424102
0 0.824229 0.811465 0.083486 0.377070
0 0.657917 0.812129 0.082028 0.372305
0 0.584528 0.373906 0.087667 0.479219
0 0.494868 0.372500 0.094264 0.488594
0 0.967507 0.807949 0.064986 0.384102
0 0.828792 0.396895 0.073583 0.432383
0 0.137639 0.362422 0.092944 0.461875
