0 0.722534 0.532776 0.105609 0.855478
0 0.050822 0.687151 0.101394 0.625699
0 0.616649 0.650974 0.118044 0.650184
0 0.150078 0.192298 0.118470 0.384596
0 0.265864 0.191250 0.114870 0.382500
0 0.836993 0.481654 0.126077 0.925809
0 0.927992 0.532629 0.069865 0.792684
0 0.976186 0.461581 0.047066 0.902941
0 0.383704 0.175460 0.107326 0.350919
0 0.047211 0.195404 0.093923 0.390809
0 0.608148 0.170276 0.116337 0.340551
0 0.494079 0.180882 0.116379 0.361765
0 0.501176 0.665074 0.119043 0.637868
0 0.387778 0.666379 0.113642 0.653493
0 0.158127 0.684007 0.119938 0.631985
0 0.274209 0.681415 0.113184 0.629081
