0 0.445063 0.478069 0.073072 0.846220
0 0.168777 0.520467 0.080543 0.881748
0 0.240705 0.510833 0.076834 0.877114
0 0.314561 0.509593 0.073511 0.860488
0 0.516740 0.471240 0.072539 0.845894
0 0.379180 0.515467 0.061724 0.799065
0 0.701510 0.432602 0.042142 0.797154
0 0.982341 0.408232 0.035319 0.816463
0 0.940251 0.412907 0.084869 0.825813
0 0.764410 0.458374 0.081881 0.792927
0 0.652341 0.450488 0.063845 0.828943
0 0.843255 0.423049 0.082163 0.830894
0 0.034875 0.532134 0.069561 0.906301
0 0.091938 0.529980 0.092382 0.883943
0 0.586614 0.460630 0.071452 0.842154
