0 0.035884 0.637209 0.053902 0.441602
0 0.086464 0.651893 0.053975 0.428058
0 0.293499 0.669806 0.050743 0.462427
0 0.072709 0.209515 0.053598 0.418058
0 0.023991 0.209709 0.047667 0.403592
0 0.126543 0.221092 0.058002 0.434417
0 0.290173 0.229515 0.054341 0.394078
0 0.941255 0.622379 0.114540 0.742524
0 0.181224 0.222937 0.056255 0.409660
0 0.242422 0.671359 0.052814 0.440971
0 0.189571 0.661650 0.052364 0.441165
0 0.826428 0.602961 0.125764 0.756311
0 0.682265 0.587573 0.110303 0.751650
0 0.236161 0.230680 0.053996 0.395243
0 0.578107 0.575388 0.104498 0.752233
0 0.372270 0.544442 0.103891 0.756748
0 0.137463 0.656796 0.052061 0.431262
0 0.474728 0.556044 0.104017 0.753447
