0 0.161100 0.286667 0.088081 0.518077
0 0.242555 0.295337 0.084296 0.517788
0 0.020756 0.266090 0.041491 0.500577
0 0.026283 0.733702 0.052565 0.400673
0 0.798947 0.347356 0.088238 0.503622
0 0.857607 0.799455 0.091564 0.378846
0 0.887033 0.346603 0.102179 0.529167
0 0.249234 0.767340 0.075172 0.408910
0 0.170287 0.753974 0.079572 0.409679
0 0.563681 0.322083 0.086736 0.521538
0 0.708816 0.788109 0.079239 0.399103
0 0.631710 0.785417 0.079771 0.400577
0 0.401731 0.772388 0.078686 0.394647
0 0.477320 0.773926 0.075892 0.396891
0 0.325412 0.767468 0.078352 0.399615
0 0.552789 0.782660 0.080428 0.394615
0 0.092409 0.740112 0.080042 0.401250
0 0.483107 0.317772 0.081481 0.512340
0 0.403478 0.309054 0.084494 0.518622
0 0.078733 0.273253 0.086663 0.524071
0 0.322414 0.297292 0.084974 0.521955
0 0.781293 0.796266 0.073597 0.386314
0 0.975547 0.334471 0.048905 0.515865
0 0.966210 0.802788 0.067351 0.392628
