0 0.632977 0.497990 0.055193 0.919588
0 0.428874 0.521237 0.053118 0.883814
0 0.478702 0.525851 0.052127 0.878814
0 0.840381 0.485129 0.065328 0.935825
0 0.530631 0.524588 0.050584 0.875155
0 0.684286 0.500851 0.055162 0.919845
0 0.735417 0.497835 0.055944 0.928454
0 0.896601 0.481881 0.062148 0.936753
0 0.787013 0.492448 0.057404 0.922835
0 0.205089 0.601314 0.059979 0.735619
0 0.378670 0.524098 0.050626 0.877680
0 0.019515 0.571675 0.038863 0.807680
0 0.579494 0.516933 0.051606 0.898299
0 0.984906 0.481856 0.030188 0.957423
0 0.281350 0.531418 0.052273 0.798196
0 0.152649 0.557139 0.062231 0.836649
0 0.949353 0.481340 0.069698 0.955258
0 0.102993 0.545052 0.066215 0.854227
0 0.053723 0.548737 0.064484 0.820361
0 0.330396 0.547938 0.051408 0.828247
