0 0.134896 0.309438 0.134802 0.476339
0 0.031227 0.785787 0.062453 0.426994
0 0.033476 0.319305 0.062985 0.505971
0 0.925016 0.751360 0.106357 0.423456
0 0.536597 0.312648 0.133445 0.478834
0 0.271675 0.310838 0.137881 0.486830
0 0.402531 0.748661 0.136399 0.462025
0 0.668784 0.317434 0.134269 0.487955
0 0.535428 0.762004 0.131691 0.428425
0 0.267735 0.767198 0.136347 0.437873
0 0.128967 0.776830 0.136681 0.436074
0 0.665146 0.763548 0.132255 0.414172
0 0.798961 0.762914 0.137547 0.412331
0 0.799937 0.315573 0.130564 0.478221
0 0.923069 0.307546 0.114050 0.465521
