0 0.382414 0.643708 0.111467 0.230730
0 0.802565 0.168820 0.111103 0.203034
0 0.078642 0.680056 0.154100 0.218933
0 0.893684 0.120955 0.096920 0.171685
0 0.258704 0.622528 0.126067 0.370056
0 0.374886 0.460997 0.118366 0.228455
0 0.493351 0.560562 0.104100 0.224494
0 0.493075 0.371699 0.111270 0.219298
0 0.693699 0.326545 0.098345 0.342640
0 0.788564 0.345604 0.093528 0.214017
0 0.600094 0.289073 0.101748 0.197640
0 0.029553 0.858904 0.059105 0.261629
0 0.961670 0.163258 0.076243 0.326517
0 0.596535 0.456180 0.097378 0.193596
0 0.879324 0.285730 0.098460 0.223539
0 0.112414 0.774789 0.143413 0.327837
