0 0.290628 0.528318 0.166799 0.880332
0 0.963128 0.595545 0.071151 0.487393
0 0.561825 0.693957 0.103295 0.467062
0 0.780669 0.232180 0.112594 0.439810
0 0.673635 0.233223 0.105324 0.429194
0 0.060847 0.582773 0.121695 0.834455
0 0.430533 0.694905 0.104854 0.477678
0 0.565905 0.253365 0.110659 0.434882
0 0.413614 0.267773 0.112918 0.411469
0 0.761606 0.681019 0.109236 0.455024
0 0.191072 0.596327 0.050492 0.748294
0 0.141512 0.641872 0.061203 0.680237
0 0.877312 0.715972 0.138724 0.360379
0 0.904963 0.300427 0.153232 0.524360
0 0.661433 0.670640 0.098494 0.469716
