0 0.575119 0.555871 0.059119 0.544903
0 0.804018 0.409355 0.124881 0.737548
0 0.290688 0.732484 0.055358 0.382645
0 0.342853 0.720806 0.054367 0.375548
0 0.710459 0.502290 0.062936 0.554129
0 0.640257 0.235742 0.064807 0.344903
0 0.353972 0.322581 0.054073 0.370710
0 0.920642 0.379742 0.120257 0.717419
0 0.086257 0.319484 0.127486 0.295355
0 0.401459 0.611968 0.060752 0.568323
0 0.301991 0.327839 0.055138 0.372968
0 0.512789 0.590806 0.061101 0.558774
0 0.215404 0.287323 0.118991 0.255032
0 0.633165 0.605516 0.058587 0.400710
0 0.081807 0.717516 0.127101 0.523290
0 0.204294 0.673129 0.119853 0.540323
0 0.457670 0.602387 0.059706 0.547742
