0 0.723619 0.275636 0.073710 0.533939
0 0.156897 0.299212 0.077866 0.546545
0 0.654296 0.274455 0.071632 0.525636
0 0.370432 0.284545 0.074868 0.557939
0 0.950872 0.276697 0.098257 0.534970
0 0.945084 0.766515 0.109833 0.444788
0 0.850621 0.770485 0.072538 0.446182
0 0.024840 0.302758 0.049679 0.563697
0 0.513285 0.774000 0.068215 0.452000
0 0.239658 0.787000 0.070558 0.426000
0 0.583291 0.277515 0.074421 0.537212
0 0.083982 0.296485 0.075188 0.544121
0 0.376841 0.779848 0.068912 0.439939
0 0.105091 0.785970 0.072134 0.428061
0 0.171946 0.784606 0.067183 0.430545
0 0.867615 0.277697 0.073808 0.538182
0 0.298752 0.301909 0.072789 0.538364
0 0.647789 0.768697 0.067517 0.455576
0 0.229826 0.305727 0.071841 0.529879
0 0.580202 0.775091 0.069693 0.447636
0 0.712455 0.771788 0.068089 0.451818
0 0.513173 0.274545 0.073040 0.538061
0 0.796562 0.278364 0.075579 0.535273
0 0.441506 0.279394 0.074951 0.549697
0 0.782343 0.773182 0.070628 0.452182
0 0.034547 0.780667 0.068982 0.422303
0 0.307887 0.786061 0.069052 0.427879
0 0.443891 0.775394 0.069400 0.440606
