0 0.403372 0.635954 0.101190 0.694872
0 0.522239 0.772521 0.098883 0.425442
0 0.197286 0.639402 0.103278 0.686382
0 0.304577 0.641111 0.103372 0.690997
0 0.812067 0.305684 0.098747 0.539060
0 0.912166 0.336239 0.103309 0.532991
0 0.715955 0.309274 0.096190 0.535470
0 0.720104 0.781652 0.095449 0.402792
0 0.022923 0.631909 0.045846 0.686895
0 0.620235 0.774986 0.100115 0.422222
0 0.517176 0.303632 0.097422 0.504017
0 0.614984 0.310969 0.102140 0.497037
0 0.917150 0.809074 0.103006 0.363447
0 0.817354 0.808105 0.097443 0.359459
0 0.095334 0.639687 0.105177 0.676866
