0 0.530635 0.738353 0.065521 0.417255
0 0.936052 0.378353 0.127000 0.494353
0 0.661802 0.765059 0.065562 0.385647
0 0.472016 0.306804 0.073135 0.487098
0 0.333974 0.293275 0.073177 0.494235
0 0.262271 0.289118 0.072250 0.505373
0 0.402750 0.299471 0.068625 0.477294
0 0.190031 0.277412 0.074313 0.499922
0 0.038292 0.267804 0.075479 0.482353
0 0.111714 0.273412 0.077906 0.483059
0 0.607615 0.320157 0.073833 0.493882
0 0.466328 0.744804 0.064927 0.387412
0 0.335365 0.734039 0.066396 0.387137
0 0.836245 0.349392 0.078177 0.482549
0 0.596266 0.757706 0.066906 0.387725
0 0.677437 0.330137 0.072812 0.494392
0 0.729609 0.771784 0.070552 0.385529
0 0.749990 0.341275 0.079979 0.488902
0 0.823078 0.781373 0.072385 0.387765
0 0.052578 0.702804 0.065135 0.372902
0 0.929896 0.806098 0.139458 0.366706
0 0.401599 0.737549 0.064406 0.397216
0 0.123521 0.712255 0.073063 0.382863
0 0.198083 0.717784 0.065646 0.383020
0 0.267052 0.731020 0.066208 0.371765
