0 0.378750 0.437397 0.062708 0.348402
0 0.372760 0.746096 0.060729 0.278584
0 0.312887 0.729680 0.060000 0.287306
0 0.436302 0.466804 0.056086 0.334521
0 0.856451 0.744110 0.043884 0.500091
0 0.894963 0.751233 0.046890 0.489224
0 0.546198 0.638744 0.055193 0.592466
0 0.487024 0.779498 0.060208 0.272603
0 0.758765 0.746530 0.051815 0.475708
0 0.810394 0.736530 0.059807 0.506210
0 0.598527 0.665183 0.057083 0.561507
0 0.935000 0.773858 0.046369 0.445342
0 0.492976 0.482626 0.062262 0.339132
0 0.650692 0.714087 0.055699 0.486438
0 0.317530 0.416895 0.064018 0.347945
0 0.252448 0.629954 0.064747 0.452146
0 0.706116 0.732466 0.055863 0.477352
0 0.060253 0.571096 0.065417 0.451781
0 0.430082 0.764840 0.055045 0.265753
0 0.188616 0.611461 0.064583 0.449315
0 0.124286 0.585365 0.066220 0.458493
