0 0.813559 0.470982 0.062276 0.902560
0 0.093878 0.633065 0.108841 0.498155
0 0.597176 0.495833 0.147818 0.890833
0 0.922876 0.492708 0.063288 0.861964
0 0.869389 0.474375 0.066441 0.901488
0 0.022573 0.646190 0.045063 0.462262
0 0.326195 0.330685 0.103100 0.575655
0 0.699812 0.470952 0.060480 0.906071
0 0.334024 0.778304 0.093914 0.343750
0 0.759363 0.470536 0.059603 0.905000
0 0.015814 0.240179 0.031628 0.480357
0 0.192328 0.185565 0.114092 0.371131
0 0.078586 0.200565 0.111618 0.393036
0 0.450877 0.502887 0.145219 0.964345
0 0.971639 0.492827 0.056722 0.869226
0 0.200621 0.619851 0.107985 0.518393
