0 0.669298 0.824410 0.119677 0.318462
0 0.041696 0.503564 0.083392 0.303504
0 0.051550 0.826350 0.102997 0.347299
0 0.141571 0.530094 0.120708 0.315402
0 0.161681 0.839803 0.118054 0.313385
0 0.440890 0.817983 0.131707 0.336855
0 0.559454 0.826299 0.106254 0.313795
0 0.780931 0.825368 0.106837 0.302325
0 0.879058 0.827966 0.096576 0.286667
0 0.429584 0.440684 0.135838 0.414530
0 0.962190 0.828085 0.075619 0.281812
0 0.967586 0.091231 0.063767 0.135043
0 0.888616 0.076419 0.102893 0.143983
0 0.661270 0.481812 0.123413 0.372650
0 0.948002 0.515726 0.103267 0.325436
0 0.302867 0.813812 0.137992 0.355692
