0 0.873589 0.493571 0.061745 0.946807
0 0.470298 0.498319 0.062330 0.991765
0 0.329075 0.549118 0.063103 0.901765
0 0.644587 0.491891 0.062027 0.966975
0 0.223281 0.527017 0.038286 0.656891
0 0.529493 0.496513 0.063542 0.982101
0 0.411541 0.500126 0.058485 0.966807
0 0.760272 0.489034 0.059749 0.938235
0 0.106202 0.510546 0.062644 0.968487
0 0.817262 0.499916 0.062320 0.956471
0 0.270016 0.557185 0.062079 0.885630
0 0.929582 0.498487 0.060627 0.931597
0 0.976964 0.492731 0.045862 0.932017
0 0.166714 0.538613 0.057983 0.905966
0 0.702419 0.497521 0.060596 0.961765
0 0.047780 0.510210 0.061411 0.979580
