0 0.941472 0.487896 0.116260 0.398054
0 0.451620 0.488688 0.157866 0.426878
0 0.803843 0.832624 0.159871 0.310136
0 0.626292 0.538665 0.197468 0.377873
0 0.308837 0.506697 0.128907 0.401810
0 0.626703 0.854683 0.196748 0.290633
0 0.078111 0.874389 0.116144 0.251222
0 0.190090 0.875928 0.107866 0.248145
0 0.805591 0.500226 0.164910 0.400362
0 0.072648 0.580701 0.120000 0.349095
0 0.941710 0.827081 0.116350 0.303122
0 0.190096 0.584932 0.110835 0.351493
0 0.451722 0.845294 0.157995 0.309412
0 0.308792 0.849683 0.127763 0.300633
