0 0.380141 0.780748 0.099048 0.437625
0 0.952976 0.748680 0.094048 0.502639
0 0.767181 0.674326 0.095868 0.629765
0 0.015853 0.758856 0.031600 0.436891
0 0.861930 0.674370 0.093776 0.633372
0 0.572714 0.306628 0.096977 0.494721
0 0.085157 0.293592 0.104310 0.506540
0 0.476302 0.304472 0.096768 0.492874
0 0.284723 0.304501 0.101517 0.506129
0 0.671768 0.675073 0.098954 0.633021
0 0.478358 0.773695 0.098075 0.447155
0 0.185962 0.775000 0.099268 0.441496
0 0.574362 0.776056 0.097113 0.447889
0 0.186323 0.299839 0.100157 0.508416
0 0.281407 0.778871 0.097793 0.440088
0 0.382181 0.308021 0.099948 0.500381
0 0.016967 0.297566 0.033933 0.487097
0 0.079205 0.771085 0.100607 0.440059
