0 0.461356 0.7087 0.109365 0.508591
0 0.569241 0.701603 0.113585 0.503291
0 0.769294 0.74368 0.103582 0.403123
0 0.864376 0.306512 0.103086 0.465735
0 0.352208 0.726053 0.112439 0.50699
0 0.671702 0.750852 0.0958538 0.407549
0 0.955823 0.301558 0.087807 0.455795
0 0.141941 0.791304 0.11011 0.405397
0 0.874844 0.737496 0.103652 0.397309
0 0.041588 0.352874 0.083159 0.486726
0 0.763468 0.309083 0.100985 0.467429
0 0.661254 0.312215 0.105295 0.472024
0 0.248947 0.784841 0.10033 0.406459
0 0.0421453 0.799718 0.0842439 0.399039
0 0.138381 0.353819 0.112574 0.480319
0 0.352469 0.340404 0.096962 0.296558
0 0.966863 0.727805 0.0662733 0.404324
0 0.549786 0.346285 0.0915749 0.32012
