0 0.693103 0.629221 0.0934523 0.645338
0 0.397811 0.543044 0.0845022 0.533963
0 0.614034 0.612884 0.0897553 0.628646
0 0.540537 0.59522 0.0869247 0.618075
0 0.32843 0.540458 0.0846019 0.537078
0 0.468228 0.580419 0.087007 0.602258
0 0.265126 0.549244 0.0777818 0.584505
0 0.917089 0.341071 0.165584 0.541036
0 0.200995 0.541653 0.0878131 0.575109
0 0.0901856 0.51873 0.0823003 0.561017
0 0.915195 0.778398 0.169608 0.443205
0 0.773244 0.643148 0.0908478 0.65607
0 0.0328526 0.512115 0.0657053 0.537621
0 0.14636 0.525815 0.0662126 0.564102
