0 0.0577278 0.413026 0.0981232 0.826051
0 0.564591 0.511057 0.0978724 0.796928
0 0.139241 0.424214 0.0910674 0.83007
0 0.22452 0.43615 0.100508 0.839717
0 0.471395 0.487324 0.0934132 0.807336
0 0.656236 0.506648 0.0978254 0.837072
0 0.854533 0.534391 0.111274 0.870755
0 0.309914 0.44772 0.0852655 0.84154
0 0.753289 0.515868 0.107762 0.865196
0 0.939815 0.544677 0.0986821 0.878783
0 0.0118764 0.4157 0.0237528 0.800144
0 0.982475 0.551275 0.0350508 0.885902
0 0.987713 0.614981 0.0241604 0.728104
0 0.00925747 0.382906 0.0184982 0.765813
