0 0.115454 0.306193 0.230907 0.540925
0 0.47405 0.352583 0.0801083 0.516258
0 0.469201 0.802877 0.0758476 0.392371
0 0.117139 0.772709 0.229005 0.446989
0 0.397627 0.792208 0.0699941 0.4088
0 0.39818 0.336005 0.0748918 0.510107
0 0.542576 0.802571 0.0717633 0.389297
0 0.322305 0.774153 0.0798123 0.439921
0 0.753358 0.766676 0.220863 0.466648
0 0.549948 0.354954 0.0745753 0.517068
0 0.933365 0.77161 0.130166 0.456781
0 0.331233 0.25892 0.0637638 0.450987
0 0.989109 0.776624 0.0214266 0.446752
0 0.00566213 0.78752 0.0113243 0.42496
