0 0.196602 0.512952 0.0687122 0.92331
0 0.513382 0.492575 0.0644392 0.949942
0 0.0177177 0.49872 0.0354355 0.877055
0 0.252343 0.503192 0.0687823 0.92638
0 0.665699 0.504879 0.0617903 0.990241
0 0.811602 0.497633 0.0606861 0.954075
0 0.144079 0.566073 0.0674532 0.808097
0 0.410611 0.490889 0.0621405 0.871605
0 0.615932 0.493878 0.0611872 0.961792
0 0.761991 0.487645 0.0612574 0.955611
0 0.36136 0.474917 0.0623994 0.879269
0 0.46054 0.488448 0.0596445 0.896158
0 0.714702 0.503182 0.0579011 0.993635
0 0.859439 0.489716 0.0581884 0.956168
0 0.0912096 0.504472 0.0729608 0.918911
0 0.907597 0.485826 0.060673 0.971653
0 0.563351 0.484488 0.0589958 0.952063
0 0.31416 0.475477 0.0582666 0.878107
0 0.0430332 0.489278 0.0639051 0.908264
0 0.954417 0.503243 0.0656311 0.954553
