0 0.436795 0.492476 0.0805607 0.552921
0 0.513974 0.519368 0.0832425 0.556304
0 0.0995892 0.16961 0.067368 0.326968
0 0.217433 0.416289 0.0793167 0.531476
0 0.584808 0.532043 0.081633 0.578492
0 0.902162 0.767249 0.195677 0.465502
0 0.905687 0.396491 0.188626 0.437076
0 0.339458 0.447899 0.0776122 0.548243
0 0.280873 0.41812 0.0645703 0.549616
0 0.654797 0.549274 0.0808232 0.576884
0 0.15912 0.181067 0.0636607 0.329515
0 0.103673 0.475017 0.0623149 0.31597
0 0.726642 0.567551 0.0833662 0.58339
0 0.157403 0.491048 0.0532793 0.310813
0 0.0467634 0.301408 0.0611113 0.602816
0 0.0144085 0.28484 0.028817 0.564817
0 0.389598 0.437732 0.0465754 0.556755
