0 0.409603 0.342777 0.113097 0.496688
0 0.742555 0.762454 0.117625 0.417526
0 0.630264 0.316132 0.116912 0.504464
0 0.196245 0.359646 0.114118 0.486584
0 0.0860771 0.37079 0.112248 0.494617
0 0.191719 0.799461 0.106672 0.401078
0 0.410833 0.788815 0.111967 0.413782
0 0.629388 0.771673 0.115823 0.415397
0 0.857273 0.762036 0.1125 0.386169
0 0.519163 0.334371 0.11386 0.495435
0 0.085287 0.80563 0.111484 0.38874
0 0.741555 0.310365 0.116459 0.506597
0 0.30041 0.794085 0.102762 0.403151
0 0.519993 0.781622 0.110799 0.414284
0 0.302352 0.354504 0.0997663 0.479544
0 0.853361 0.330654 0.114786 0.457949
0 0.955617 0.753731 0.0877274 0.386546
0 0.954832 0.321047 0.0903352 0.471652
0 0.0171297 0.373483 0.0342593 0.467855
0 0.0135024 0.803791 0.0270048 0.392419
