0 0.0893578 0.518392 0.10984 0.945648
0 0.210454 0.688709 0.139761 0.550587
0 0.209786 0.242517 0.141511 0.432281
0 0.807199 0.222253 0.152414 0.444506
0 0.811426 0.681423 0.156443 0.549627
0 0.942965 0.658689 0.114068 0.511582
0 0.941229 0.222314 0.117542 0.444628
0 0.507657 0.748711 0.152346 0.475719
0 0.0205976 0.299537 0.0411953 0.52601
0 0.660125 0.226494 0.147729 0.448234
0 0.509526 0.274869 0.160251 0.544734
0 0.320885 0.255765 0.0828194 0.477995
0 0.394268 0.253115 0.081997 0.470837
0 0.471637 0.274126 0.0830513 0.53195
0 0.357949 0.252828 0.154611 0.487636
0 0.356314 0.723553 0.15096 0.532087
0 0.392164 0.72718 0.079791 0.521461
0 0.468485 0.750799 0.0771233 0.455684
0 0.322652 0.730324 0.0813319 0.510499
