0 0.460825 0.491857 0.0794953 0.373096
0 0.393089 0.53876 0.0817741 0.371632
0 0.650124 0.364049 0.0734369 0.348522
0 0.253963 0.605671 0.0950157 0.371453
0 0.589805 0.40844 0.0734261 0.357772
0 0.526264 0.452468 0.0757742 0.362943
0 0.323852 0.563845 0.0799138 0.354986
0 0.707823 0.331052 0.0658856 0.339396
0 0.179114 0.676452 0.0995617 0.418348
0 0.0453949 0.784433 0.0907898 0.365442
0 0.104835 0.726522 0.11233 0.442772
0 0.765261 0.293608 0.0714116 0.340787
0 0.821417 0.252452 0.070636 0.34544
0 0.886639 0.215399 0.0858527 0.353832
0 0.97201 0.163317 0.0558831 0.326634
0 0.93851 0.182671 0.0654164 0.32422
0 0.995148 0.157777 0.00937122 0.315554
