0 0.78627 0.346601 0.0915826 0.213023
0 0.492302 0.559892 0.106706 0.220496
0 0.69335 0.327173 0.099823 0.346148
0 0.375414 0.458235 0.119125 0.23304
0 0.492851 0.371371 0.11098 0.218899
0 0.381509 0.64419 0.113362 0.231941
0 0.600644 0.287367 0.0981352 0.191044
0 0.962713 0.1629 0.0743429 0.325801
0 0.595123 0.456192 0.0993489 0.197464
0 0.802655 0.168189 0.110111 0.201435
0 0.878655 0.286888 0.0989534 0.225077
0 0.256613 0.627482 0.127014 0.375212
0 0.89616 0.1153 0.09643 0.169482
0 0.0248346 0.862359 0.0496692 0.26387
0 0.117042 0.78754 0.143421 0.326547
0 0.0781893 0.676105 0.148125 0.210506
0 0.0984827 0.754867 0.178477 0.371968
