0 0.317876 0.749913 0.0829545 0.500174
0 0.56768 0.743582 0.0869682 0.512835
0 0.238089 0.743512 0.0888239 0.512976
0 0.486077 0.72728 0.0892775 0.545441
0 0.820849 0.736706 0.0985767 0.526588
0 0.401431 0.725714 0.0925255 0.548573
0 0.647075 0.756518 0.0864168 0.486963
0 0.155137 0.742197 0.0876866 0.515606
0 0.0733764 0.74146 0.0878542 0.509378
0 0.732216 0.738401 0.099378 0.523197
0 0.906807 0.743027 0.0970152 0.513947
0 0.971088 0.744011 0.0578233 0.506073
0 0.00954915 0.607995 0.0190908 0.78401
