0 0.748616 0.342101 0.125247 0.38611
0 0.747134 0.678455 0.124483 0.298217
0 0.640338 0.341041 0.0950234 0.389841
0 0.849481 0.680945 0.0794544 0.259775
0 0.533866 0.343289 0.116774 0.404336
0 0.433437 0.421252 0.0831302 0.345814
0 0.851614 0.388147 0.0798561 0.339776
0 0.937785 0.362039 0.0869057 0.337627
0 0.348651 0.422733 0.0863008 0.350518
0 0.534707 0.690062 0.113181 0.313978
0 0.637299 0.680017 0.0919901 0.303482
0 0.933422 0.6667 0.0853443 0.270418
0 0.352126 0.750209 0.086259 0.323874
0 0.242477 0.736896 0.129252 0.290493
0 0.436856 0.759007 0.084317 0.342111
0 0.13353 0.648926 0.0762259 0.475012
0 0.0552684 0.656204 0.0807289 0.505411
0 0.985885 0.601389 0.0163965 0.501475
