0 0.533677 0.467555 0.0777958 0.935109
0 0.676124 0.468728 0.0792368 0.937456
0 0.748825 0.463694 0.0836527 0.927388
0 0.464258 0.456223 0.0755369 0.910558
0 0.394684 0.458857 0.074251 0.917715
0 0.605332 0.47339 0.0802368 0.946779
0 0.323726 0.501082 0.0817423 0.963846
0 0.819492 0.457804 0.0832386 0.915609
0 0.249608 0.506661 0.082818 0.966942
0 0.891008 0.456277 0.0915397 0.912553
0 0.0428447 0.489256 0.0856465 0.926669
0 0.955864 0.457029 0.0877731 0.904671
0 0.144816 0.515642 0.0967663 0.958652
0 0.988956 0.456947 0.0220888 0.911491
