0 0.43196 0.219444 0.115772 0.369704
0 0.203722 0.217521 0.114655 0.385146
0 0.31823 0.227675 0.117072 0.401071
0 0.679627 0.2067 0.136085 0.332714
0 0.861746 0.466574 0.067764 0.521635
0 0.549781 0.166061 0.120942 0.287863
0 0.54027 0.500156 0.114744 0.404858
0 0.314347 0.542202 0.110949 0.266422
0 0.203701 0.548005 0.110317 0.309674
0 0.426621 0.52943 0.11162 0.285079
0 0.653639 0.538468 0.124867 0.358535
0 0.921548 0.458123 0.0690856 0.539885
0 0.806123 0.457278 0.0621515 0.522991
0 0.746332 0.470318 0.067965 0.488572
0 0.971083 0.460954 0.0548428 0.529199
0 0.0489683 0.782759 0.060603 0.410227
0 0.0812531 0.327191 0.120087 0.560454
0 0.103032 0.790197 0.0572723 0.40035
0 0.0795623 0.495109 0.120929 0.892528
0 0.0072933 0.263176 0.0145866 0.526353
0 0.103269 0.633893 0.0625199 0.72453
