0 0.392775 0.406585 0.0847218 0.444037
0 0.178742 0.671575 0.0909868 0.58665
0 0.102198 0.667323 0.0871984 0.584593
0 0.393591 0.804121 0.0814043 0.377319
0 0.319421 0.398846 0.0856361 0.454896
0 0.319577 0.796751 0.0834191 0.371483
0 0.464015 0.663335 0.0840716 0.659927
0 0.0359994 0.664791 0.0719987 0.593076
0 0.249556 0.727528 0.07581 0.480719
0 0.52909 0.675302 0.0782474 0.649396
0 0.594256 0.671724 0.0798374 0.645187
0 0.879124 0.664498 0.0806671 0.670343
0 0.768344 0.651581 0.0680663 0.696011
0 0.819913 0.661601 0.0726311 0.676798
0 0.711699 0.643752 0.0748209 0.705898
0 0.941682 0.670577 0.0772617 0.658845
0 0.655807 0.641295 0.0724485 0.707201
0 0.981558 0.657547 0.0368846 0.684906
