0 0.290436 0.32554 0.0869569 0.534181
0 0.375531 0.320905 0.0874191 0.542949
0 0.453596 0.328717 0.0866356 0.533153
0 0.133402 0.316869 0.0855145 0.524517
0 0.366038 0.788128 0.0806491 0.410027
0 0.138855 0.777108 0.0783697 0.418061
0 0.679323 0.323463 0.0938208 0.523527
0 0.529246 0.360743 0.0820328 0.498452
0 0.441572 0.7907 0.0799175 0.405005
0 0.28972 0.78843 0.0802818 0.408551
0 0.0515092 0.311402 0.0880965 0.522863
0 0.212297 0.326806 0.0797155 0.523784
0 0.21343 0.786868 0.0749713 0.411343
0 0.515588 0.800389 0.0770477 0.394806
0 0.740337 0.789486 0.0851024 0.418415
0 0.657898 0.787935 0.0925869 0.424129
0 0.0639457 0.770219 0.0813632 0.423447
0 0.597983 0.349494 0.0698014 0.476296
0 0.764538 0.328391 0.0934306 0.524052
0 0.580967 0.789843 0.063083 0.408758
0 0.837916 0.329825 0.0785511 0.518648
0 0.814866 0.790576 0.0685616 0.412831
0 0.913427 0.329055 0.0937157 0.522327
0 0.881426 0.789366 0.0804344 0.417192
0 0.958065 0.785278 0.0829943 0.429444
0 0.00712101 0.776912 0.0141712 0.446177
