0 0.348493 0.579053 0.0673722 0.760773
0 0.407794 0.599969 0.0659017 0.787605
0 0.234003 0.604252 0.0656032 0.789301
0 0.521066 0.738353 0.0584081 0.523293
0 0.119211 0.605153 0.0660857 0.772101
0 0.464407 0.59572 0.0628688 0.806866
0 0.857518 0.720217 0.0654997 0.559566
0 0.797969 0.722469 0.0634334 0.546836
0 0.176662 0.598029 0.066013 0.780749
0 0.291585 0.575799 0.0662366 0.764831
0 0.575592 0.746225 0.0579416 0.497179
0 0.0599068 0.608527 0.0683485 0.774913
0 0.915812 0.711942 0.0642061 0.559732
0 0.741475 0.726286 0.0610684 0.547428
0 0.639097 0.754064 0.0640786 0.483576
0 0.968337 0.722239 0.0604183 0.541998
0 0.0170686 0.606344 0.0341372 0.787313
0 0.0155141 0.511146 0.0308498 0.573509
0 0.994255 0.727013 0.0114891 0.545975
