0 0.0822476 0.719007 0.131015 0.540818
0 0.456943 0.6027 0.0659815 0.559434
0 0.920708 0.371174 0.128849 0.739007
0 0.203515 0.677069 0.124418 0.554995
0 0.805679 0.410527 0.131485 0.7544
0 0.0857448 0.318973 0.130532 0.317498
0 0.512194 0.589779 0.0656704 0.56365
0 0.400629 0.614182 0.068134 0.576113
0 0.710689 0.502982 0.0689806 0.570062
0 0.21519 0.281596 0.119809 0.275081
0 0.290456 0.728897 0.058887 0.402668
0 0.342171 0.720411 0.0574006 0.386466
0 0.301123 0.325486 0.0588894 0.373031
0 0.353508 0.319739 0.0575143 0.373833
0 0.574464 0.554627 0.0657617 0.549505
0 0.63155 0.606939 0.0634563 0.416503
0 0.640434 0.240427 0.0674897 0.356204
