0 0.429468 0.705337 0.11034 0.569535
0 0.75636 0.705279 0.109171 0.537327
0 0.106543 0.734094 0.10491 0.531812
0 0.210568 0.720327 0.111348 0.549289
0 0.649345 0.691448 0.111221 0.583479
0 0.536256 0.695698 0.111167 0.579483
0 0.200022 0.233607 0.113368 0.467213
0 0.860984 0.700423 0.10583 0.536425
0 0.0921725 0.241194 0.108183 0.482387
0 0.31835 0.697285 0.106558 0.591151
0 0.311815 0.205594 0.107258 0.411187
0 0.427996 0.215166 0.109419 0.430333
0 0.029385 0.741975 0.0587699 0.506939
0 0.0232382 0.255621 0.0464765 0.511243
0 0.957118 0.569471 0.0846248 0.796836
