0 0.81523 0.738522 0.175746 0.522957
0 0.293752 0.289214 0.15873 0.515635
0 0.28131 0.760941 0.163946 0.478118
0 0.151416 0.738841 0.158706 0.522318
0 0.68121 0.755787 0.161969 0.488426
0 0.684881 0.284709 0.148973 0.516173
0 0.0492882 0.74289 0.0984214 0.514221
0 0.416417 0.760999 0.160425 0.478001
0 0.548484 0.741047 0.170398 0.517906
0 0.935206 0.761415 0.129223 0.477171
0 0.426679 0.288276 0.158809 0.516854
0 0.931212 0.283642 0.137577 0.518767
0 0.797626 0.224457 0.121069 0.396266
0 0.989449 0.289987 0.0211029 0.49537
