0 0.261616 0.645058 0.125271 0.660993
0 0.145619 0.664457 0.125609 0.656118
0 0.48374 0.592617 0.116962 0.642635
0 0.050991 0.542766 0.090188 0.914468
0 0.80547 0.514775 0.114382 0.592718
0 0.589143 0.552923 0.111356 0.574697
0 0.696857 0.539123 0.12046 0.60001
0 0.90324 0.479292 0.103016 0.546547
0 0.606959 0.167467 0.110647 0.334934
0 0.374696 0.640651 0.119453 0.608333
0 0.382577 0.213435 0.121433 0.42687
0 0.152149 0.225159 0.12031 0.367628
0 0.493099 0.17162 0.114105 0.343241
0 0.712598 0.16067 0.11794 0.321341
0 0.267844 0.20416 0.117834 0.386768
0 0.817785 0.154543 0.115509 0.309086
0 0.916658 0.142852 0.107947 0.285704
