0 0.765773 0.276865 0.0930233 0.55373
0 0.520367 0.282416 0.0883738 0.544544
0 0.682393 0.282169 0.0935045 0.557052
0 0.234872 0.321148 0.160626 0.547838
0 0.59942 0.276283 0.0873406 0.543329
0 0.850759 0.277883 0.0942688 0.550076
0 0.764722 0.767914 0.0888746 0.451955
0 0.935764 0.279691 0.0942253 0.559381
0 0.0806175 0.34629 0.160791 0.557387
0 0.525955 0.769855 0.0859711 0.456591
0 0.436796 0.283765 0.0893331 0.541279
0 0.604894 0.767838 0.0866098 0.458009
0 0.245108 0.765601 0.159061 0.407361
0 0.0911378 0.78716 0.154881 0.388587
0 0.685179 0.770688 0.0861133 0.448564
0 0.848957 0.763481 0.0843508 0.450238
0 0.355695 0.290789 0.0902108 0.541539
0 0.443959 0.773861 0.0855059 0.451071
0 0.364659 0.776341 0.085022 0.445771
0 0.927573 0.764397 0.0861698 0.440978
0 0.986789 0.283823 0.0264217 0.544188
0 0.985514 0.765444 0.0289721 0.455062
0 0.013936 0.782745 0.027872 0.387047
