0 0.343757 0.444596 0.0873602 0.727282
0 0.670114 0.526538 0.0960253 0.765533
0 0.758428 0.542981 0.102211 0.775896
0 0.113843 0.392836 0.0832514 0.69403
0 0.424261 0.469467 0.0891803 0.724818
0 0.844091 0.564415 0.100306 0.784575
0 0.583915 0.507066 0.0948551 0.746702
0 0.187371 0.411073 0.0845538 0.690604
0 0.262092 0.425103 0.0883922 0.711584
0 0.50102 0.488709 0.0850497 0.721103
0 0.930579 0.590737 0.112681 0.786877
0 0.0448553 0.373028 0.0818409 0.690564
0 0.00910543 0.362492 0.0182109 0.678222
0 0.989633 0.609157 0.0207342 0.781687
