0 0.345228 0.690882 0.0711739 0.552216
0 0.549237 0.680782 0.0682272 0.532746
0 0.744527 0.667102 0.0687195 0.518118
0 0.273404 0.698746 0.0761233 0.560953
0 0.678884 0.67142 0.0657577 0.530247
0 0.615067 0.672039 0.0653 0.540486
0 0.870324 0.652961 0.0600811 0.520497
0 0.481389 0.684083 0.0685722 0.537972
0 0.414171 0.687256 0.0683625 0.557019
0 0.810184 0.659168 0.0633167 0.519228
0 0.93099 0.655781 0.0618612 0.511025
0 0.197371 0.707539 0.077911 0.560751
0 0.119014 0.713958 0.0793093 0.560961
