0 0.681593 0.590757 0.112181 0.749164
0 0.828139 0.599647 0.124881 0.768926
0 0.371672 0.541371 0.10762 0.762497
0 0.474663 0.555759 0.107301 0.764697
0 0.577721 0.571607 0.106253 0.757047
0 0.940461 0.618351 0.113622 0.750945
0 0.188919 0.661122 0.0538061 0.444333
0 0.125868 0.224046 0.0605455 0.436815
0 0.181799 0.227927 0.0570601 0.420148
0 0.136863 0.659639 0.053823 0.435212
0 0.0360508 0.641723 0.05658 0.438102
0 0.0718824 0.221347 0.0558467 0.438405
0 0.0869289 0.658578 0.0557432 0.424165
0 0.235323 0.232774 0.0536587 0.408777
0 0.241787 0.671672 0.0544837 0.441471
0 0.0245177 0.211293 0.0488426 0.412882
0 0.289064 0.232479 0.0542806 0.408679
0 0.293006 0.672759 0.0523842 0.462388
0 0.00741455 0.637116 0.0147954 0.407875
