0 0.441456 0.278912 0.0772987 0.557823
0 0.796239 0.275049 0.0788106 0.544145
0 0.723426 0.273078 0.0760282 0.546156
0 0.513482 0.273495 0.0751623 0.544325
0 0.369892 0.279855 0.0755178 0.559711
0 0.583068 0.275518 0.0761675 0.543073
0 0.653917 0.272781 0.0743309 0.541893
0 0.867592 0.276513 0.076789 0.545351
0 0.306923 0.784988 0.0684026 0.418591
0 0.444082 0.770926 0.0721378 0.446425
0 0.298732 0.301638 0.0741749 0.546698
0 0.229645 0.304335 0.0736594 0.540496
0 0.155676 0.296404 0.0806034 0.554354
0 0.64757 0.763897 0.069102 0.455551
0 0.376419 0.775398 0.0714826 0.435164
0 0.712455 0.768889 0.0703289 0.453439
0 0.0837176 0.294129 0.0781043 0.551354
0 0.23933 0.785458 0.0732739 0.424786
0 0.580066 0.772584 0.0719198 0.444964
0 0.170556 0.784551 0.0676983 0.422155
0 0.513687 0.768614 0.0692512 0.44571
0 0.938903 0.274948 0.0758999 0.542301
0 0.104645 0.784083 0.0728483 0.430183
0 0.0255588 0.300551 0.0511177 0.567571
0 0.78248 0.767896 0.0738161 0.447689
0 0.850051 0.771167 0.0741863 0.438651
0 0.922203 0.767347 0.069851 0.443669
0 0.0351413 0.781958 0.0702826 0.411906
0 0.974484 0.77337 0.0510319 0.431868
0 0.984074 0.274691 0.0318528 0.540116
