0 0.106067 0.283794 0.183813 0.524632
0 0.246404 0.351774 0.186058 0.557997
0 0.915681 0.689424 0.168637 0.587542
0 0.759776 0.45221 0.239756 0.409452
0 0.741205 0.726384 0.231137 0.334204
0 0.538634 0.620947 0.211128 0.312264
0 0.264414 0.865811 0.175313 0.268378
0 0.382222 0.454349 0.172335 0.472727
0 0.147223 0.83979 0.133718 0.32042
0 0.0246244 0.230675 0.0492488 0.46135
0 0.60275 0.0476184 0.225751 0.0952368
0 0.0664573 0.815165 0.114974 0.369671
0 0.412945 0.908106 0.181152 0.183788
0 0.830031 0.0841635 0.271242 0.168327
0 0.55899 0.37173 0.214976 0.364538
0 0.0198027 0.804029 0.0396054 0.391943
0 0.96672 0.118153 0.0664494 0.236306
