0 0.470558 0.65481 0.0846733 0.642132
0 0.391793 0.65372 0.0862861 0.642266
0 0.743721 0.615803 0.165419 0.761805
0 0.548756 0.658726 0.0810993 0.637261
0 0.624708 0.662626 0.0826696 0.633439
0 0.903452 0.620352 0.173627 0.759296
0 0.308805 0.644892 0.0875546 0.639677
0 0.0760993 0.710846 0.0851226 0.401494
0 0.153529 0.730197 0.0772605 0.412797
0 0.227591 0.745761 0.0777872 0.423775
0 0.192571 0.278141 0.0725203 0.440059
0 0.0150972 0.701057 0.0300499 0.408018
0 0.258328 0.287047 0.0641728 0.431734
0 0.989235 0.638121 0.0215304 0.723758
