0 0.374059 0.696127 0.0875069 0.54366
0 0.289332 0.681911 0.0906628 0.550708
0 0.456412 0.701548 0.0861178 0.541412
0 0.618776 0.71531 0.0845724 0.536766
0 0.698703 0.72245 0.0889831 0.539998
0 0.154521 0.658907 0.0877058 0.609385
0 0.536564 0.708946 0.089054 0.528175
0 0.0706154 0.650071 0.0924591 0.598897
0 0.78245 0.728346 0.08932 0.538434
0 0.864291 0.727913 0.0941305 0.543512
0 0.94654 0.73925 0.0928062 0.5215
0 0.0180425 0.640736 0.0360851 0.597292
0 0.988981 0.746469 0.0220386 0.495535
0 0.992217 0.736026 0.0155663 0.489799
