0 0.898423 0.744541 0.0509559 0.47582
0 0.418471 0.586443 0.0641971 0.541045
0 0.297448 0.545027 0.0663837 0.558587
0 0.358439 0.566366 0.0668151 0.553086
0 0.477367 0.605527 0.0642495 0.535035
0 0.114603 0.495457 0.0722339 0.613191
0 0.176129 0.495395 0.0627849 0.566273
0 0.0468076 0.456564 0.0770022 0.578737
0 0.691591 0.683294 0.0566159 0.511466
0 0.236538 0.516895 0.0672645 0.567216
0 0.63843 0.664479 0.0607159 0.529412
0 0.531279 0.624033 0.0556364 0.525485
0 0.583971 0.641164 0.0610261 0.52294
0 0.746917 0.698119 0.0655243 0.50888
0 0.949214 0.756699 0.0626712 0.473716
0 0.847361 0.732016 0.0660023 0.493093
0 0.80275 0.720469 0.0411816 0.468569
