0 0.181528 0.328246 0.164387 0.496802
0 0.362403 0.298255 0.216232 0.499609
0 0.91176 0.227356 0.126958 0.441932
0 0.792424 0.251639 0.136098 0.472302
0 0.530366 0.684557 0.135805 0.426339
0 0.362941 0.717545 0.216381 0.484604
0 0.183963 0.755766 0.160177 0.456288
0 0.0548732 0.781813 0.109746 0.436374
0 0.530839 0.287915 0.138026 0.446636
0 0.0539977 0.358112 0.107995 0.496216
0 0.908343 0.578282 0.120678 0.361378
0 0.790856 0.623821 0.130904 0.379013
0 0.697187 0.259505 0.0717417 0.42282
0 0.63271 0.269049 0.078365 0.432753
0 0.663266 0.661844 0.136539 0.397064
0 0.631575 0.665129 0.0789297 0.397018
0 0.692952 0.657561 0.0770233 0.388111
