0 0.262552 0.28869 0.0748378 0.512635
0 0.333865 0.292301 0.0748095 0.498024
0 0.402602 0.298174 0.0696168 0.486764
0 0.471655 0.307377 0.0741478 0.492358
0 0.190228 0.274926 0.0765038 0.507636
0 0.596012 0.760089 0.0681974 0.393155
0 0.400918 0.735718 0.0656285 0.402265
0 0.677124 0.328187 0.0740379 0.496346
0 0.749418 0.339077 0.0820137 0.494132
0 0.112099 0.270984 0.0812223 0.492884
0 0.266982 0.731027 0.067267 0.379527
0 0.607955 0.321689 0.0740931 0.500617
0 0.530643 0.73385 0.066819 0.430022
0 0.46597 0.746625 0.0658524 0.390542
0 0.039371 0.264977 0.0784661 0.492281
0 0.197217 0.718521 0.068721 0.387068
0 0.334882 0.732706 0.0676441 0.393023
0 0.124341 0.711594 0.07673 0.393929
0 0.934984 0.383387 0.129073 0.491831
0 0.661924 0.763965 0.0680656 0.388157
0 0.835921 0.348184 0.0795895 0.491862
0 0.929126 0.805945 0.140127 0.381359
0 0.729375 0.772746 0.0740168 0.387377
0 0.823201 0.780574 0.0742313 0.393983
0 0.0534224 0.703779 0.0684516 0.384808
0 0.0108975 0.701116 0.0216935 0.377695
0 0.00478227 0.259272 0.00956453 0.518544
0 0.541285 0.257982 0.0566145 0.401844
