0 0.595304 0.641997 0.0845429 0.689744
0 0.516679 0.613841 0.0881534 0.757987
0 0.4409 0.608676 0.0748556 0.769892
0 0.676499 0.640287 0.0880508 0.690681
0 0.890055 0.275415 0.0982477 0.548988
0 0.889297 0.758139 0.0899181 0.437967
0 0.762876 0.613628 0.0991057 0.740938
0 0.0788737 0.571657 0.0946889 0.846681
0 0.144473 0.607134 0.0622963 0.767468
0 0.203883 0.606138 0.0663375 0.776935
0 0.270091 0.556948 0.0827888 0.872198
0 0.376902 0.684771 0.0585974 0.61519
0 0.0201097 0.593768 0.0402194 0.795891
0 0.985011 0.650788 0.0299785 0.639771
