0 0.495652 0.618259 0.0741729 0.673611
0 0.643453 0.639089 0.0809414 0.663059
0 0.718444 0.644144 0.077108 0.647519
0 0.160476 0.669324 0.158312 0.57681
0 0.567586 0.624929 0.077817 0.677179
0 0.422772 0.61965 0.0788961 0.677367
0 0.868156 0.657538 0.0877268 0.662638
0 0.309412 0.727338 0.136922 0.471397
0 0.789808 0.644926 0.0842628 0.668409
0 0.0479618 0.679184 0.0959236 0.535996
0 0.302846 0.261074 0.152876 0.522148
0 0.150567 0.209918 0.145215 0.387126
0 0.943122 0.665284 0.0915103 0.648643
0 0.0396434 0.221109 0.0792868 0.422673
0 0.983473 0.680312 0.0330541 0.613855
