0 0.667954 0.40787 0.0826601 0.447371
0 0.766464 0.364943 0.0917776 0.494441
0 0.865961 0.796894 0.0920889 0.403045
0 0.4418 0.434949 0.0768481 0.436523
0 0.588256 0.42027 0.0786111 0.437583
0 0.764184 0.803481 0.0897162 0.392692
0 0.365757 0.44014 0.0826131 0.435192
0 0.873743 0.35503 0.0940411 0.489433
0 0.514052 0.433086 0.0768719 0.430916
0 0.664051 0.817074 0.0815109 0.365852
0 0.441509 0.827611 0.0754634 0.341408
0 0.291508 0.44501 0.0737476 0.422867
0 0.587128 0.820554 0.0777436 0.358892
0 0.222334 0.419028 0.0713639 0.439892
0 0.364227 0.828016 0.0755447 0.340833
0 0.0903792 0.442975 0.0712233 0.417979
0 0.512054 0.82701 0.0735956 0.34598
0 0.0952746 0.823135 0.07307 0.345928
0 0.225404 0.820489 0.0702792 0.357471
0 0.293106 0.828766 0.0684466 0.340638
0 0.157542 0.432448 0.0648354 0.422396
0 0.162126 0.82086 0.0656647 0.352231
0 0.0302589 0.823368 0.0605178 0.352063
0 0.974211 0.338618 0.0515473 0.52092
0 0.0280425 0.434354 0.056085 0.412254
0 0.973742 0.793089 0.0524143 0.398643
