0 0.15579 0.406964 0.125739 0.484258
0 0.0546792 0.418382 0.109358 0.472687
0 0.267784 0.405311 0.124262 0.472687
0 0.15409 0.812809 0.118341 0.373036
0 0.0522101 0.816251 0.10442 0.367498
0 0.492053 0.698215 0.122105 0.578059
0 0.263537 0.8091 0.118472 0.37615
0 0.376528 0.690423 0.127219 0.598188
0 0.603409 0.579857 0.131561 0.789312
0 0.71501 0.569925 0.131813 0.782189
0 0.821375 0.561288 0.123702 0.774223
0 0.926534 0.545277 0.136902 0.796009
0 0.976216 0.462464 0.0475687 0.924928
0 0.98485 0.501075 0.0302991 0.866928
