0 0.437345 0.399606 0.149436 0.400033
0 0.252221 0.821339 0.297718 0.357322
0 0.571182 0.341041 0.145064 0.411413
0 0.695488 0.299659 0.152477 0.420921
0 0.459863 0.77067 0.153834 0.415279
0 0.814913 0.239323 0.130992 0.394455
0 0.921201 0.53247 0.136862 0.391417
0 0.925347 0.191373 0.13682 0.375732
0 0.295337 0.433696 0.172907 0.486181
0 0.0467411 0.59815 0.0931779 0.484411
0 0.80726 0.597901 0.129544 0.387201
0 0.0630189 0.875952 0.126038 0.248096
0 0.154 0.503237 0.182293 0.503483
0 0.223132 0.494848 0.330224 0.50849
0 0.699338 0.616865 0.126242 0.300818
0 0.980722 0.164194 0.0385563 0.328388
0 0.587444 0.727778 0.147248 0.430074
0 0.978604 0.488302 0.0427912 0.368737
