0 0.428958 0.524478 0.0557172 0.891171
0 0.478563 0.525658 0.0540188 0.883444
0 0.37899 0.526846 0.0536579 0.885591
0 0.330622 0.556135 0.0542772 0.811259
0 0.529636 0.520239 0.0529089 0.894522
0 0.840675 0.479308 0.0671638 0.944502
0 0.897253 0.477239 0.067862 0.939361
0 0.103025 0.544906 0.0644517 0.862764
0 0.632794 0.498915 0.0573113 0.922279
0 0.683701 0.497719 0.0587061 0.923081
0 0.281913 0.540429 0.0544613 0.756113
0 0.205657 0.615694 0.0591303 0.706099
0 0.786495 0.489196 0.0604742 0.934337
0 0.734386 0.495752 0.0588148 0.930563
0 0.152453 0.555415 0.0625504 0.848712
0 0.0529037 0.549978 0.0652865 0.826051
0 0.948558 0.476625 0.0724438 0.953251
0 0.0181145 0.57303 0.0361388 0.811365
0 0.983483 0.477531 0.0329674 0.955062
0 0.57837 0.501799 0.0548212 0.927138
