0 0.516827 0.468328 0.0765797 0.861102
0 0.444466 0.47687 0.0738974 0.852001
0 0.314091 0.500557 0.0741644 0.868108
0 0.168955 0.521246 0.0803912 0.886313
0 0.587219 0.449653 0.0740173 0.859296
0 0.09161 0.527357 0.0917439 0.910226
0 0.240652 0.50885 0.0780394 0.88565
0 0.379142 0.519543 0.0629554 0.792912
0 0.033001 0.535682 0.066002 0.904856
0 0.652052 0.442266 0.0668067 0.836296
0 0.842849 0.421091 0.0827679 0.842182
0 0.761361 0.438304 0.0885416 0.831104
0 0.943004 0.413487 0.085352 0.826974
0 0.982132 0.408468 0.0357354 0.816936
0 0.69937 0.412326 0.0422858 0.782022
