0 0.408348 0.743528 0.15462 0.512945
0 0.259743 0.742184 0.152746 0.515632
0 0.733155 0.331767 0.117808 0.606169
0 0.841343 0.331525 0.115861 0.564678
0 0.939702 0.777895 0.114155 0.444211
0 0.945305 0.334166 0.107859 0.566669
0 0.0859811 0.739247 0.140442 0.509115
0 0.83177 0.775641 0.108553 0.420696
0 0.618917 0.672491 0.0628594 0.652609
0 0.517353 0.670488 0.0632034 0.659025
0 0.727453 0.777974 0.10816 0.400844
0 0.567858 0.675749 0.058486 0.642721
0 0.992807 0.797793 0.0139953 0.404415
0 0.0101067 0.726656 0.0202134 0.499422
