0 0.790449 0.600179 0.0749967 0.666758
0 0.736495 0.587461 0.0672865 0.69168
0 0.310016 0.491279 0.0764831 0.979595
0 0.483719 0.483633 0.175923 0.967265
0 0.686427 0.587676 0.0650556 0.665031
0 0.190718 0.493567 0.0801381 0.979777
0 0.610464 0.431052 0.107129 0.823219
0 0.126683 0.49657 0.0820099 0.977492
0 0.0618212 0.503122 0.0880422 0.984959
0 0.251208 0.50333 0.075928 0.978888
0 0.914749 0.64323 0.120409 0.538045
0 0.928408 0.209373 0.143185 0.418073
0 0.373205 0.490742 0.0789996 0.981484
0 0.015002 0.514387 0.0300039 0.966403
