0 0.822462 0.495208 0.0883659 0.611643
0 0.898059 0.572724 0.082758 0.730883
0 0.234055 0.406326 0.073512 0.704081
0 0.167616 0.387997 0.0700029 0.7124
0 0.0392572 0.359479 0.0782401 0.715331
0 0.305993 0.425563 0.0714744 0.711971
0 0.527966 0.456073 0.0795649 0.713756
0 0.747837 0.479006 0.0805069 0.637445
0 0.456799 0.51665 0.0628616 0.606392
0 0.105438 0.379505 0.0682819 0.714167
0 0.676266 0.413653 0.0728934 0.547267
0 0.373996 0.441874 0.0671153 0.743179
0 0.965347 0.585063 0.0693052 0.725575
0 0.026877 0.35271 0.0537541 0.70542
0 0.00978791 0.358995 0.0195758 0.706713
0 0.600946 0.449803 0.0740867 0.650595
0 0.00697375 0.350796 0.0139475 0.701593
0 0.0050689 0.343355 0.0100859 0.68671
