0 0.27363 0.67562 0.120017 0.640705
0 0.500854 0.658312 0.123751 0.654933
0 0.052369 0.68524 0.104738 0.62952
0 0.157139 0.680611 0.124689 0.638778
0 0.616627 0.647557 0.122435 0.665175
0 0.387024 0.660961 0.117769 0.661112
0 0.722488 0.530652 0.111325 0.863532
0 0.494052 0.186742 0.119778 0.373483
0 0.0472967 0.198699 0.0944839 0.397398
0 0.14977 0.197751 0.123874 0.395502
0 0.265372 0.192386 0.117343 0.384772
0 0.837327 0.476461 0.130638 0.944158
0 0.383774 0.179182 0.110514 0.358364
0 0.607827 0.173484 0.120932 0.346967
0 0.928965 0.540543 0.0732452 0.777501
0 0.975992 0.459142 0.0480168 0.918284
