0 0.382111 0.31041 0.101212 0.50653
0 0.380319 0.778688 0.101957 0.441491
0 0.284747 0.307096 0.103837 0.509729
0 0.185268 0.773731 0.102622 0.446633
0 0.281736 0.777867 0.100449 0.441667
0 0.18561 0.301147 0.103467 0.51195
0 0.478551 0.774509 0.101611 0.450042
0 0.574093 0.774775 0.0995192 0.449937
0 0.0857402 0.294086 0.107347 0.514634
0 0.572217 0.306453 0.0993361 0.49901
0 0.476986 0.306259 0.0992551 0.501266
0 0.0800678 0.772098 0.0992812 0.440901
0 0.766469 0.677584 0.0986821 0.621477
0 0.861566 0.676112 0.0951027 0.634823
0 0.671889 0.676992 0.099026 0.637338
0 0.957341 0.750159 0.0853169 0.499682
0 0.0179662 0.303155 0.0359324 0.496875
0 0.0152974 0.770021 0.0305948 0.445533
