0 0.195731 0.502861 0.0900815 0.951426
0 0.279888 0.498527 0.0924816 0.950219
0 0.356862 0.493004 0.0869605 0.940152
0 0.107837 0.505655 0.101776 0.961017
0 0.431304 0.484858 0.0862569 0.943704
0 0.872977 0.46426 0.0910146 0.928519
0 0.578091 0.474803 0.0860645 0.949606
0 0.504414 0.480374 0.0812265 0.948588
0 0.730408 0.468623 0.0831794 0.937246
0 0.798502 0.465155 0.0844138 0.93031
0 0.652076 0.472129 0.0842542 0.944259
0 0.0365231 0.508525 0.073039 0.970871
0 0.946017 0.464695 0.0964829 0.929391
0 0.983103 0.493341 0.0337939 0.976793
