0 0.458184 0.477023 0.118816 0.950599
0 0.56732 0.488315 0.115653 0.94889
0 0.752364 0.566378 0.0887402 0.829334
0 0.672835 0.544901 0.0848239 0.8533
0 0.931785 0.34322 0.11154 0.566224
0 0.914702 0.782352 0.104969 0.425822
0 0.25524 0.462953 0.0519777 0.903638
0 0.359453 0.311357 0.0870061 0.599502
0 0.298839 0.4638 0.0543705 0.909422
0 0.128147 0.478653 0.0514187 0.841932
0 0.838455 0.260859 0.0880214 0.466645
0 0.171308 0.460926 0.0534023 0.875834
0 0.0895037 0.477358 0.0490985 0.815341
0 0.8283 0.718753 0.0825732 0.532216
0 0.212042 0.458927 0.0505406 0.896175
0 0.362466 0.744583 0.0816471 0.378414
0 0.0515469 0.476836 0.0502135 0.822076
0 0.0196667 0.499939 0.0393334 0.779655
0 0.983417 0.768693 0.033166 0.450803
0 0.990597 0.339988 0.0188053 0.508567
