0 0.121629 0.653263 0.075588 0.660453
0 0.755756 0.445021 0.103052 0.781778
0 0.41151 0.557917 0.0821506 0.743159
0 0.494415 0.51427 0.0847239 0.745718
0 0.895606 0.420596 0.0959092 0.750368
0 0.658928 0.476026 0.0911074 0.76303
0 0.575144 0.504676 0.0822161 0.729248
0 0.335049 0.579496 0.0823529 0.722042
0 0.193351 0.633843 0.0758309 0.682582
0 0.262192 0.609066 0.0717247 0.690449
0 0.0536309 0.674705 0.0684097 0.64755
0 0.975321 0.389677 0.0492987 0.761421
0 0.0115792 0.704837 0.0231584 0.586001
