0 0.404346 0.490284 0.0795589 0.887882
0 0.335158 0.502815 0.0806571 0.885504
0 0.267425 0.504543 0.0766409 0.891932
0 0.0613251 0.529278 0.0923517 0.901332
0 0.133355 0.514316 0.0806602 0.881017
0 0.60508 0.467233 0.0821131 0.870894
0 0.200723 0.5188 0.0801259 0.898725
0 0.53532 0.473678 0.0781303 0.873961
0 0.470973 0.468763 0.0725612 0.847588
0 0.866693 0.418776 0.0823799 0.837552
0 0.674554 0.478965 0.0767244 0.911048
0 0.937857 0.421206 0.0941199 0.842411
0 0.7391 0.463692 0.0727316 0.904297
0 0.0173801 0.541686 0.0347603 0.885162
0 0.984644 0.442385 0.0306229 0.88477
