0 0.797423 0.351928 0.146559 0.634819
0 0.242386 0.355878 0.129175 0.375679
0 0.106681 0.398675 0.13783 0.374805
0 0.244257 0.7087 0.126022 0.401105
0 0.119153 0.755115 0.125596 0.402496
0 0.423161 0.353779 0.124695 0.443821
0 0.418276 0.674627 0.119062 0.285125
0 0.91914 0.299421 0.06978 0.587923
0 0.0225668 0.477835 0.0451335 0.449316
0 0.878255 0.31264 0.0608219 0.587449
0 0.0306558 0.820619 0.0613116 0.334538
0 0.662731 0.391397 0.162111 0.666191
0 0.966178 0.284645 0.0644539 0.567683
0 0.540178 0.432944 0.117503 0.671256
0 0.989554 0.274205 0.020517 0.54841
0 0.613363 0.407287 0.265832 0.730082
