0 0.0720384 0.271698 0.144041 0.543395
0 0.468491 0.736028 0.209142 0.500701
0 0.260902 0.728677 0.210349 0.491183
0 0.678611 0.318062 0.0757669 0.58011
0 0.90195 0.332271 0.195876 0.577285
0 0.0771026 0.714942 0.153905 0.461814
0 0.468161 0.268885 0.211449 0.537771
0 0.609722 0.301271 0.0775114 0.563736
0 0.255635 0.271962 0.218704 0.543925
0 0.750219 0.318838 0.0812142 0.572027
0 0.890205 0.789455 0.213691 0.421089
0 0.674311 0.793704 0.0725661 0.358813
0 0.606272 0.772806 0.0731984 0.404696
0 0.744809 0.794831 0.0759807 0.369771
