0 0.0406688 0.447794 0.0803157 0.895587
0 0.203811 0.466344 0.0781817 0.932688
0 0.120141 0.46068 0.0913479 0.92136
0 0.424868 0.467731 0.0798906 0.917823
0 0.347896 0.465107 0.0774242 0.930213
0 0.275548 0.457587 0.0731241 0.915174
0 0.500364 0.489588 0.0763966 0.950155
0 0.648036 0.513294 0.076288 0.929763
0 0.724965 0.508722 0.0842104 0.939368
0 0.57415 0.494313 0.0773771 0.942397
0 0.803681 0.506916 0.0868597 0.928976
0 0.928049 0.522624 0.0864109 0.927372
0 0.982633 0.521912 0.0347342 0.922559
