0 0.142655 0.701054 0.114346 0.574422
0 0.132093 0.245436 0.112683 0.422525
0 0.249894 0.667771 0.105664 0.572496
0 0.376854 0.676117 0.108254 0.595887
0 0.798535 0.482635 0.0650295 0.960705
0 0.911927 0.460322 0.0684288 0.915269
0 0.967382 0.452666 0.0652357 0.905332
0 0.742582 0.482648 0.0636271 0.942991
0 0.244737 0.216153 0.111857 0.409889
0 0.854623 0.464944 0.0686657 0.929889
0 0.505413 0.617643 0.0618 0.694455
0 0.374972 0.217532 0.108622 0.397177
0 0.554622 0.496871 0.0609141 0.932422
0 0.454142 0.657131 0.0543859 0.601296
0 0.464964 0.214178 0.0559604 0.358075
0 0.60348 0.500376 0.0565081 0.934367
0 0.686969 0.478361 0.059272 0.907933
0 0.994032 0.447873 0.0116341 0.889867
0 0.644456 0.495219 0.04298 0.912935
