0 0.188716 0.610249 0.0666449 0.450537
0 0.31682 0.416867 0.0667296 0.349386
0 0.378704 0.435473 0.0652594 0.356967
0 0.123856 0.583276 0.0684373 0.45628
0 0.372712 0.745248 0.061657 0.280356
0 0.436259 0.462388 0.0583107 0.339622
0 0.251599 0.628152 0.0667697 0.452641
0 0.706982 0.732264 0.0575112 0.480568
0 0.49354 0.479331 0.0641739 0.341479
0 0.0606875 0.568838 0.0668815 0.455226
0 0.42947 0.765815 0.0560369 0.266276
0 0.811341 0.734759 0.0592859 0.508352
0 0.650856 0.714492 0.0585935 0.486039
0 0.75933 0.744535 0.0520328 0.478329
0 0.486588 0.780191 0.0616331 0.273589
0 0.313228 0.727311 0.0617967 0.28639
0 0.598748 0.655405 0.0580215 0.575475
0 0.856152 0.73927 0.0458847 0.502358
0 0.545595 0.642448 0.0566729 0.585472
0 0.895995 0.746468 0.0476774 0.498352
0 0.941129 0.776002 0.0339112 0.439892
0 0.933639 0.775877 0.0430725 0.441805
0 0.987259 0.144679 0.0254812 0.273629
