0 0.224101 0.791019 0.159963 0.412015
0 0.587215 0.36388 0.149654 0.506203
0 0.215915 0.325175 0.17255 0.571479
0 0.766081 0.400742 0.209158 0.494564
0 0.0736699 0.79313 0.14705 0.41374
0 0.0680152 0.323248 0.13603 0.593575
0 0.574045 0.787835 0.140338 0.394848
0 0.739894 0.802468 0.19516 0.370671
0 0.918649 0.406147 0.127686 0.451731
0 0.889491 0.792728 0.114544 0.359087
0 0.475512 0.34044 0.0810316 0.494216
0 0.96703 0.791587 0.0658947 0.346254
0 0.401568 0.771775 0.0730125 0.407671
0 0.469804 0.781702 0.0718811 0.391149
0 0.380478 0.314702 0.117062 0.491428
0 0.399432 0.317785 0.0785991 0.490791
0 0.984076 0.41452 0.0318474 0.438829
0 0.43494 0.775912 0.141962 0.403342
