0 0.536488 0.312371 0.136231 0.481903
0 0.664982 0.762798 0.134476 0.421889
0 0.534206 0.763271 0.135286 0.431629
0 0.669161 0.316592 0.138281 0.485839
0 0.802278 0.313683 0.131437 0.481896
0 0.271551 0.311375 0.139614 0.487871
0 0.798528 0.760361 0.139922 0.417786
0 0.267825 0.767914 0.137959 0.439919
0 0.131305 0.314672 0.145058 0.483901
0 0.129188 0.774976 0.138318 0.437957
0 0.402258 0.747195 0.138119 0.465814
0 0.922313 0.30757 0.116269 0.46785
0 0.924172 0.7521 0.108593 0.42864
0 0.0320625 0.325722 0.064125 0.492445
0 0.0279533 0.786965 0.0559067 0.423263
0 0.988054 0.733744 0.0238928 0.459651
