0 0.618969 0.774211 0.10081 0.427396
0 0.304558 0.639974 0.107655 0.691344
0 0.812487 0.307291 0.103243 0.542651
0 0.715223 0.301623 0.101337 0.545339
0 0.196573 0.636937 0.108655 0.692685
0 0.403947 0.630447 0.106101 0.694278
0 0.522193 0.771643 0.101171 0.425561
0 0.911356 0.317828 0.104185 0.546731
0 0.516779 0.30413 0.103707 0.51202
0 0.816193 0.806943 0.101154 0.361221
0 0.09441 0.634611 0.112041 0.683684
0 0.915903 0.810484 0.104317 0.36134
0 0.614564 0.307198 0.103415 0.498328
0 0.719127 0.782745 0.0970879 0.400553
0 0.0235842 0.629952 0.0471165 0.684168
