0 0.233992 0.735593 0.103842 0.420265
0 0.0431446 0.277834 0.0862283 0.48006
0 0.130561 0.272507 0.0997515 0.482496
0 0.656795 0.743919 0.112573 0.476718
0 0.765262 0.747268 0.113632 0.485851
0 0.230078 0.28687 0.109329 0.485132
0 0.335859 0.293334 0.104037 0.481641
0 0.335895 0.743071 0.102008 0.422039
0 0.13509 0.725347 0.0917893 0.422036
0 0.550243 0.660132 0.11509 0.61933
0 0.441848 0.647993 0.109018 0.621597
0 0.0449075 0.718487 0.0897438 0.412556
0 0.97322 0.790374 0.0533074 0.419252
0 0.9738 0.352506 0.0522212 0.484988
0 0.845873 0.26373 0.092976 0.420917
0 0.876672 0.756537 0.11663 0.486926
0 0.896159 0.764272 0.116391 0.471456
