0 0.780697 0.825405 0.109297 0.304238
0 0.880077 0.82826 0.0985637 0.290359
0 0.669409 0.825264 0.122893 0.320719
0 0.303577 0.814951 0.141 0.354425
0 0.559231 0.826875 0.108659 0.31225
0 0.44062 0.817455 0.135268 0.340368
0 0.140674 0.529965 0.123857 0.319995
0 0.159684 0.840436 0.123442 0.313159
0 0.0429036 0.506032 0.0857658 0.30689
0 0.051127 0.826344 0.102024 0.347313
0 0.429723 0.439816 0.139186 0.417824
0 0.961364 0.828211 0.0771458 0.284113
0 0.661396 0.480962 0.127151 0.375602
0 0.946283 0.516966 0.103312 0.328261
0 0.887149 0.0738836 0.104728 0.147767
0 0.787132 0.0584254 0.0987137 0.116851
0 0.96792 0.0841746 0.0641193 0.14433
0 0.692347 0.044083 0.0838572 0.088166
0 0.990542 0.510055 0.0189161 0.323422
