0 0.16686 0.569483 0.104944 0.52973
0 0.857506 0.780221 0.223842 0.427361
0 0.882615 0.309909 0.232153 0.582054
0 0.545207 0.567627 0.087784 0.699866
0 0.0652894 0.540066 0.107548 0.537659
0 0.155672 0.15907 0.106859 0.318141
0 0.330942 0.232512 0.235282 0.403354
0 0.334425 0.660658 0.227862 0.437137
0 0.0523746 0.138556 0.104749 0.277113
0 0.478714 0.542036 0.0610081 0.697195
0 0.625102 0.705288 0.0856884 0.474256
0 0.703533 0.722558 0.086231 0.465124
0 0.980446 0.805225 0.039109 0.38471
0 0.637649 0.236864 0.084535 0.473729
0 0.720118 0.250837 0.0920523 0.501674
0 0.687676 0.249518 0.158215 0.499037
0 0.664623 0.719082 0.161399 0.465903
0 0.00777466 0.450529 0.0155438 0.36763
