0 0.120324 0.630632 0.0809261 0.727026
0 0.34599 0.547478 0.0681756 0.879701
0 0.884564 0.485645 0.0748373 0.890978
0 0.52506 0.538599 0.0693526 0.859423
0 0.406329 0.543792 0.0683631 0.869484
0 0.464398 0.545954 0.0633268 0.85361
0 0.952244 0.468325 0.0889656 0.930926
0 0.0521498 0.633101 0.081727 0.715094
0 0.640308 0.540285 0.0671914 0.840866
0 0.764185 0.491584 0.066217 0.915449
0 0.821559 0.484464 0.0720273 0.906949
0 0.702545 0.497707 0.0690212 0.909883
0 0.287864 0.552853 0.066127 0.881677
0 0.583283 0.524772 0.0587705 0.882913
0 0.229074 0.563453 0.0709791 0.859023
0 0.172402 0.598965 0.0662289 0.724501
0 0.983752 0.475137 0.0324955 0.917106
0 0.0122758 0.646052 0.024305 0.707895
0 0.016966 0.630415 0.0338952 0.738696
