0 0.216037 0.604268 0.112397 0.687561
0 0.376655 0.527479 0.105387 0.669592
0 0.0528358 0.663833 0.105672 0.672333
0 0.131814 0.638965 0.108614 0.687675
0 0.769345 0.377918 0.103609 0.64529
0 0.296784 0.56915 0.106671 0.676288
0 0.834765 0.35177 0.102895 0.622833
0 0.458089 0.488986 0.114313 0.672034
0 0.565323 0.447914 0.0977638 0.633537
0 0.703384 0.406136 0.0912423 0.643747
0 0.900135 0.327239 0.109767 0.634561
0 0.640689 0.420094 0.0844517 0.616256
0 0.953371 0.306564 0.0932584 0.592958
0 0.983422 0.282086 0.0331552 0.547548
0 0.0114341 0.671105 0.0227946 0.647706
0 0.104111 0.0642512 0.150258 0.128502
0 0.207236 0.0503305 0.117589 0.100661
0 0.033451 0.0804292 0.0669021 0.160858
