0 0.455246 0.497448 0.0774061 0.994897
0 0.528272 0.498764 0.0763364 0.997528
0 0.383648 0.49801 0.0782548 0.99602
0 0.310468 0.48591 0.0754901 0.971819
0 0.598321 0.5 0.0774201 1
0 0.667522 0.5 0.0784836 1
0 0.736514 0.5 0.0797843 1
0 0.243651 0.485443 0.0762153 0.970887
0 0.102024 0.480795 0.086459 0.96159
0 0.171455 0.485074 0.0820361 0.970147
0 0.812157 0.5 0.0995879 1
0 0.0409983 0.487209 0.0819965 0.973558
0 0.883951 0.500867 0.092737 0.998265
0 0.950025 0.509723 0.0949783 0.980553
0 0.00970548 0.488502 0.0193097 0.977003
