0 0.579093 0.47357 0.0717175 0.947141
0 0.517688 0.484695 0.0733793 0.969389
0 0.820759 0.467467 0.0761189 0.934935
0 0.12517 0.501945 0.0810599 0.996111
0 0.640257 0.473028 0.0719537 0.946056
0 0.882012 0.466876 0.0715796 0.933752
0 0.251162 0.5 0.0774587 1
0 0.316815 0.5 0.0757593 1
0 0.383672 0.5 0.0776652 1
0 0.758554 0.465779 0.0709223 0.931558
0 0.699766 0.463478 0.0696688 0.926956
0 0.450612 0.494176 0.0759087 0.988351
0 0.188971 0.495912 0.0716707 0.990984
0 0.0540455 0.501407 0.0866721 0.997186
0 0.94789 0.463248 0.0806804 0.926497
0 0.986106 0.47002 0.0277874 0.94004
0 0.0151081 0.511593 0.0302161 0.976814
