0 0.296112 0.336523 0.249162 0.523214
0 0.722415 0.371253 0.0820191 0.45432
0 0.305324 0.788867 0.241772 0.408646
0 0.800602 0.36616 0.0830232 0.464221
0 0.958333 0.372894 0.0806049 0.482623
0 0.936311 0.804879 0.084378 0.376842
0 0.881168 0.372004 0.0895674 0.476876
0 0.709376 0.799325 0.08013 0.389897
0 0.859838 0.805479 0.0824524 0.377459
0 0.783535 0.800705 0.0789497 0.387565
0 0.559157 0.796667 0.225203 0.405873
0 0.5661 0.351916 0.229846 0.514801
0 0.0980886 0.769428 0.164977 0.405656
0 0.0103537 0.767992 0.0207074 0.400247
0 0.101743 0.342269 0.0754891 0.430318
0 0.0211322 0.336742 0.0422645 0.447114
0 0.988741 0.804147 0.0210285 0.363017
