0 0.120395 0.274552 0.0686938 0.508291
0 0.180502 0.29003 0.0687959 0.51717
0 0.421585 0.350999 0.0686317 0.498466
0 0.299801 0.324655 0.0663914 0.510579
0 0.359552 0.330713 0.0676741 0.511531
0 0.0552804 0.274602 0.0777403 0.529012
0 0.632113 0.782848 0.0628478 0.363569
0 0.480369 0.358176 0.0649399 0.501555
0 0.24126 0.308099 0.0675839 0.518734
0 0.29853 0.750703 0.0620762 0.367785
0 0.355128 0.762496 0.0621921 0.367256
0 0.534315 0.369129 0.0599125 0.497427
0 0.176367 0.733535 0.0666565 0.396001
0 0.05188 0.713164 0.073857 0.38315
0 0.238131 0.74121 0.0656082 0.372554
0 0.640475 0.384162 0.0653758 0.468631
0 0.585 0.37398 0.0563553 0.479175
0 0.416003 0.768061 0.0645812 0.370288
0 0.116302 0.72913 0.0625991 0.417246
0 0.720878 0.408223 0.10778 0.497123
0 0.923024 0.424035 0.107145 0.474403
0 0.918694 0.802647 0.103438 0.343344
0 0.580248 0.773847 0.050844 0.360317
0 0.821707 0.433215 0.10539 0.466601
0 0.715672 0.805852 0.110588 0.359653
0 0.818231 0.798398 0.100992 0.330295
0 0.532636 0.779113 0.0512694 0.351574
0 0.480877 0.776527 0.0672836 0.36803
