0 0.485564 0.469914 0.0964355 0.747317
0 0.637775 0.510453 0.0948556 0.744424
0 0.178922 0.393044 0.104073 0.7479
0 0.336744 0.430574 0.0904393 0.733117
0 0.252406 0.410472 0.114841 0.757852
0 0.563637 0.483825 0.0921047 0.747193
0 0.41032 0.444695 0.0894625 0.737651
0 0.83194 0.580741 0.114492 0.734834
0 0.103793 0.3781 0.105491 0.740155
0 0.760329 0.547319 0.117334 0.759395
0 0.91552 0.620415 0.128809 0.709008
0 0.0422397 0.353541 0.0844795 0.707083
0 0.962559 0.685778 0.0748822 0.602939
0 0.0155787 0.357038 0.0311574 0.691157
0 0.0113762 0.36286 0.0226525 0.668963
