0 0.520263 0.508836 0.102401 0.978994
0 0.289882 0.502964 0.0968395 0.982621
0 0.364936 0.503741 0.0985691 0.98741
0 0.597384 0.503851 0.0981131 0.981381
0 0.214153 0.509167 0.0996985 0.98036
0 0.44118 0.506423 0.0952127 0.985174
0 0.138149 0.507575 0.100124 0.984851
0 0.675418 0.500511 0.103954 0.998735
0 0.06281 0.507578 0.106825 0.984843
0 0.75033 0.503361 0.10218 0.976929
0 0.82547 0.501828 0.108469 0.981812
0 0.905367 0.492993 0.129157 0.985986
0 0.959873 0.447429 0.0798297 0.868065
0 0.0153859 0.510011 0.0307719 0.979979
