0 0.467007 0.295143 0.134505 0.555338
0 0.471443 0.777141 0.13038 0.430548
0 0.201991 0.349409 0.128129 0.504247
0 0.766134 0.281319 0.14042 0.553456
0 0.626565 0.763022 0.127302 0.440922
0 0.77229 0.755648 0.133279 0.433134
0 0.33214 0.774609 0.135188 0.436715
0 0.0713244 0.318713 0.140356 0.513922
0 0.199707 0.798068 0.113107 0.392841
0 0.0760077 0.782766 0.140179 0.4308
0 0.326546 0.294096 0.133643 0.522106
0 0.621593 0.294276 0.132867 0.531272
0 0.924737 0.753104 0.137184 0.423461
0 0.90835 0.288755 0.115967 0.531135
0 0.982635 0.282293 0.0347309 0.555304
