0 0.242507 0.296311 0.0856508 0.52469
0 0.160694 0.284325 0.0910549 0.52651
0 0.563344 0.321379 0.0895872 0.526801
0 0.32241 0.296681 0.0882123 0.531847
0 0.400914 0.770962 0.0803463 0.396978
0 0.476792 0.772824 0.0779846 0.400725
0 0.482709 0.316478 0.0850826 0.517957
0 0.403226 0.308247 0.0868362 0.527836
0 0.552079 0.781861 0.0823158 0.399149
0 0.325352 0.76396 0.0815726 0.402127
0 0.0925799 0.7366 0.0818048 0.406495
0 0.886701 0.348188 0.102973 0.531356
0 0.171021 0.748486 0.0827829 0.407074
0 0.0789224 0.271823 0.0902543 0.527364
0 0.630698 0.784751 0.0820808 0.404329
0 0.798691 0.349258 0.0894672 0.507573
0 0.780446 0.795981 0.0761349 0.390103
0 0.708181 0.790143 0.081861 0.403483
0 0.249213 0.758782 0.0777482 0.401052
0 0.856412 0.799968 0.090864 0.383525
0 0.0267345 0.73247 0.0534689 0.394555
0 0.0208377 0.271645 0.0416753 0.503783
0 0.967652 0.803225 0.0646964 0.388352
0 0.96558 0.349105 0.0688406 0.530291
