0 0.453391 0.498833 0.0813663 0.779081
0 0.520867 0.48306 0.0968312 0.782865
0 0.0355816 0.602975 0.0711632 0.79405
0 0.329296 0.531766 0.0878453 0.786761
0 0.256386 0.547802 0.10163 0.804108
0 0.106345 0.590124 0.0914179 0.795515
0 0.393645 0.5188 0.0831616 0.778939
0 0.648016 0.447332 0.0957795 0.78132
0 0.717768 0.433615 0.0863289 0.771882
0 0.777927 0.422919 0.0832777 0.753263
0 0.179715 0.566635 0.0852926 0.794978
0 0.884622 0.441131 0.146535 0.685259
0 0.964126 0.409777 0.0717484 0.684417
