0 0.4705 0.496888 0.065184 0.993777
0 0.529394 0.496085 0.0668375 0.992169
0 0.702202 0.49762 0.0655262 0.973288
0 0.106273 0.502626 0.066187 0.981395
0 0.759412 0.489877 0.0659138 0.966257
0 0.872858 0.490779 0.0691118 0.962838
0 0.0476753 0.502782 0.0677451 0.994435
0 0.644474 0.488637 0.0657775 0.976953
0 0.816221 0.4959 0.0656191 0.963603
0 0.328739 0.551723 0.067144 0.896554
0 0.928541 0.492818 0.0664621 0.961361
0 0.269615 0.561906 0.0675832 0.876189
0 0.412026 0.497209 0.0625697 0.982672
0 0.166915 0.546632 0.0612904 0.906545
0 0.975524 0.484366 0.0488968 0.968731
0 0.0130878 0.506474 0.0261755 0.987051
0 0.224574 0.519953 0.0396824 0.684991
