0 0.619902 0.527185 0.109339 0.3377
0 0.282207 0.702048 0.102329 0.556301
0 0.386997 0.711454 0.1016 0.503004
0 0.732428 0.484521 0.116264 0.380613
0 0.191005 0.725265 0.0889407 0.525877
0 0.847177 0.769675 0.107641 0.289982
0 0.0762195 0.724687 0.132214 0.530017
0 0.846802 0.467069 0.110606 0.342886
0 0.733773 0.796474 0.11565 0.274404
0 0.618274 0.813207 0.112976 0.261554
0 0.492875 0.569643 0.162449 0.770845
0 0.948931 0.740197 0.0915289 0.331891
0 0.944426 0.361072 0.0639415 0.45684
0 0.986138 0.321316 0.0277245 0.535292
0 0.00661321 0.722453 0.013167 0.49441
0 0.995108 0.724925 0.00939258 0.372289
0 0.993909 0.717056 0.0119322 0.419952
