0 0.483674 0.786462 0.134585 0.427077
0 0.264472 0.780868 0.134808 0.438264
0 0.37468 0.780886 0.127478 0.438229
0 0.370609 0.299066 0.14817 0.582076
0 0.611954 0.303168 0.152076 0.598125
0 0.815211 0.781043 0.132498 0.437914
0 0.150992 0.783035 0.134048 0.43393
0 0.595287 0.78765 0.131395 0.4247
0 0.247988 0.295597 0.156479 0.591194
0 0.706571 0.782805 0.131676 0.434391
0 0.490054 0.303421 0.154589 0.596942
0 0.0527517 0.781783 0.105481 0.436434
0 0.122976 0.299126 0.154591 0.595735
0 0.944916 0.307623 0.110169 0.569593
0 0.92162 0.780703 0.134795 0.438594
0 0.733446 0.296158 0.15285 0.592316
0 0.852092 0.304562 0.148966 0.573394
0 0.0407955 0.305895 0.081591 0.571977
0 0.976109 0.782385 0.0477695 0.435229
