0 0.358051 0.811525 0.148207 0.370476
0 0.0804247 0.805799 0.155785 0.388402
0 0.495057 0.393194 0.149322 0.453597
0 0.221814 0.406564 0.149255 0.454395
0 0.635834 0.789216 0.148663 0.398813
0 0.49631 0.797074 0.15392 0.393561
0 0.0861286 0.402288 0.155875 0.45506
0 0.802459 0.777436 0.166462 0.434128
0 0.217185 0.807077 0.148623 0.385846
0 0.626709 0.38367 0.14551 0.458974
0 0.356305 0.42399 0.149123 0.42908
0 0.928132 0.700083 0.143318 0.57695
0 0.758237 0.41573 0.130654 0.371716
0 0.0141226 0.408584 0.0282452 0.430483
0 0.0105156 0.799297 0.0210312 0.377178
