0 0.692825 0.530118 0.0773149 0.773632
0 0.770395 0.511448 0.0909559 0.807908
0 0.848353 0.524298 0.0896446 0.771765
0 0.545474 0.549609 0.0741253 0.770195
0 0.398955 0.562777 0.0823366 0.774526
0 0.621487 0.547858 0.0772699 0.762325
0 0.246406 0.574783 0.0843963 0.76956
0 0.474426 0.55259 0.0795928 0.775346
0 0.321317 0.568074 0.0797409 0.775878
0 0.173755 0.594575 0.0883325 0.749938
0 0.918957 0.498292 0.0894329 0.804821
0 0.974377 0.498749 0.0512454 0.777555
0 0.034315 0.720729 0.0686299 0.548944
