0 0.499481 0.803395 0.0837338 0.377872
0 0.583876 0.376223 0.0901822 0.47972
0 0.495035 0.37316 0.0949095 0.492714
0 0.671358 0.386047 0.0916843 0.477705
0 0.416603 0.789421 0.0841563 0.400098
0 0.578489 0.804796 0.0793453 0.380856
0 0.150482 0.783319 0.0799918 0.375062
0 0.753131 0.391117 0.0848722 0.464573
0 0.898235 0.810633 0.0799034 0.375619
0 0.0670026 0.760717 0.0898749 0.398249
0 0.335887 0.779964 0.0816268 0.416396
0 0.656887 0.81122 0.0851115 0.374945
0 0.735683 0.814122 0.0834751 0.371756
0 0.824075 0.811691 0.0846719 0.374979
0 0.965903 0.807647 0.0681934 0.384706
0 0.827738 0.39806 0.0736742 0.434861
0 0.13708 0.364741 0.0946348 0.464599
0 0.896119 0.400601 0.0780117 0.428309
0 0.01441 0.747883 0.0287401 0.392116
0 0.243505 0.671319 0.0848448 0.203095
0 0.212723 0.87097 0.0548813 0.219045
0 0.269648 0.874409 0.0649377 0.216929
0 0.244278 0.872809 0.114486 0.226485
