0 0.450508 0.504792 0.148096 0.951454
0 0.598248 0.497047 0.149785 0.875572
0 0.199301 0.615625 0.107911 0.530995
0 0.759374 0.466928 0.062921 0.913225
0 0.700036 0.464968 0.0617846 0.915781
0 0.0932173 0.627278 0.111322 0.508401
0 0.325623 0.342671 0.105239 0.562886
0 0.921627 0.47704 0.0635098 0.889862
0 0.813251 0.46891 0.0640448 0.914056
0 0.868436 0.468215 0.0694878 0.908375
0 0.079872 0.206131 0.109082 0.399358
0 0.192469 0.186186 0.113783 0.372373
0 0.97155 0.475314 0.0569002 0.909813
0 0.333712 0.772443 0.0927158 0.343767
0 0.0233063 0.660077 0.0466125 0.427144
0 0.0150944 0.245788 0.0300164 0.491575
0 0.993702 0.478574 0.0125958 0.900307
