0 0.350517 0.505443 0.086511 0.961318
0 0.282975 0.520036 0.0863262 0.948012
0 0.551828 0.469202 0.0872972 0.883641
0 0.211881 0.521436 0.0910141 0.938517
0 0.417841 0.49049 0.0834594 0.939267
0 0.624958 0.462483 0.0853834 0.889682
0 0.483578 0.463401 0.080616 0.898419
0 0.117378 0.589189 0.0846129 0.747958
0 0.056407 0.58706 0.078488 0.726409
0 0.687069 0.532725 0.0687404 0.766441
0 0.807297 0.47016 0.0892046 0.92421
0 0.740926 0.523319 0.0714069 0.76434
0 0.865266 0.465225 0.0911951 0.93045
0 0.0193754 0.582981 0.0387507 0.710389
0 0.939494 0.472058 0.120928 0.944116
0 0.96146 0.459821 0.0770544 0.919642
