0 0.0600558 0.584966 0.120112 0.830069
0 0.288717 0.529031 0.16449 0.874446
0 0.660308 0.670547 0.0997535 0.469844
0 0.430933 0.698382 0.107528 0.476833
0 0.779517 0.237061 0.113943 0.453724
0 0.672289 0.234697 0.106295 0.430826
0 0.412663 0.272018 0.111244 0.41882
0 0.761559 0.680983 0.110672 0.460206
0 0.561093 0.690177 0.102076 0.464245
0 0.565359 0.25449 0.110503 0.438885
0 0.902561 0.302027 0.151199 0.534195
0 0.875173 0.721786 0.133363 0.350463
0 0.142356 0.644789 0.0629204 0.662403
0 0.191538 0.621332 0.052187 0.683752
0 0.962087 0.499304 0.0758261 0.737727
0 0.963457 0.635365 0.073003 0.488606
