0 0.803741 0.832037 0.16298 0.32138
0 0.30786 0.508074 0.131246 0.411725
0 0.308274 0.846407 0.131834 0.307187
0 0.450859 0.489727 0.159541 0.439146
0 0.804911 0.50101 0.167617 0.409765
0 0.941285 0.490046 0.117429 0.418504
0 0.626461 0.541134 0.198408 0.405504
0 0.190124 0.588707 0.114319 0.367265
0 0.0780079 0.869411 0.117969 0.261178
0 0.190181 0.872319 0.110231 0.255363
0 0.940929 0.832112 0.117769 0.309857
0 0.450685 0.840855 0.160692 0.31829
0 0.0728273 0.581704 0.120486 0.353234
0 0.626716 0.85277 0.196558 0.29446
