0 0.367102 0.417613 0.0800215 0.615704
0 0.29469 0.388117 0.0792153 0.607828
0 0.441418 0.453706 0.081201 0.627848
0 0.518827 0.485597 0.0863648 0.640528
0 0.222903 0.362958 0.079945 0.591766
0 0.0610272 0.296958 0.0826291 0.568583
0 0.135106 0.328142 0.0765605 0.572731
0 0.896534 0.630274 0.110598 0.667111
0 0.60291 0.506649 0.0875408 0.66557
0 0.697017 0.541318 0.0907755 0.624717
0 0.973368 0.652238 0.0532635 0.690287
0 0.790728 0.590408 0.101666 0.653822
0 0.0132062 0.27704 0.0263102 0.55408
