0 0.224795 0.624604 0.0660104 0.667394
0 0.675523 0.591472 0.0668884 0.755869
0 0.548673 0.596034 0.0662388 0.752817
0 0.100994 0.619806 0.0635403 0.669679
0 0.420192 0.616471 0.0680176 0.698794
0 0.354649 0.621307 0.0689314 0.688902
0 0.948861 0.610576 0.0739443 0.74695
0 0.879438 0.614563 0.0727226 0.725703
0 0.485035 0.605494 0.0666533 0.727475
0 0.162132 0.616515 0.0649555 0.677075
0 0.742873 0.613827 0.0700766 0.724504
0 0.289027 0.623079 0.0675422 0.6794
0 0.809564 0.60922 0.0706484 0.732538
0 0.612622 0.586403 0.065259 0.765839
0 0.03693 0.61462 0.0693488 0.687452
0 0.00492608 0.607391 0.00985216 0.699632
