0 0.382943 0.505612 0.0988541 0.387057
0 0.0867348 0.708711 0.153125 0.520887
0 0.200494 0.632672 0.129966 0.47229
0 0.527354 0.42557 0.0812687 0.360229
0 0.298205 0.560769 0.110264 0.409577
0 0.458885 0.462221 0.090239 0.376843
0 0.588149 0.386732 0.0745628 0.344023
0 0.769604 0.264544 0.0706535 0.271764
0 0.642323 0.343458 0.0692465 0.316517
0 0.751177 0.756186 0.0725719 0.295442
0 0.972373 0.159198 0.0552547 0.160268
0 0.8142 0.243803 0.049168 0.244889
0 0.848282 0.224672 0.0448414 0.230768
0 0.879468 0.205317 0.0435989 0.223127
0 0.668739 0.839953 0.0839195 0.320094
0 0.719135 0.229154 0.0600533 0.216155
0 0.920112 0.184284 0.0639782 0.215562
0 0.929025 0.177525 0.0497137 0.200968
0 0.605786 0.864567 0.0761565 0.270866
0 0.910003 0.189589 0.053027 0.223167
0 0.548534 0.901282 0.0759048 0.197437
0 0.0132827 0.732265 0.0265145 0.535469
