0 0.367908 0.536915 0.0833236 0.855641
0 0.698738 0.485015 0.082523 0.841343
0 0.779167 0.468363 0.085872 0.84854
0 0.447346 0.529328 0.0831509 0.852096
0 0.860968 0.452283 0.0851338 0.847147
0 0.614295 0.494719 0.0847752 0.843223
0 0.942846 0.437298 0.090355 0.82738
0 0.287545 0.547329 0.0827551 0.846821
0 0.128579 0.562168 0.0843018 0.838517
0 0.529695 0.515493 0.0860545 0.84737
0 0.208141 0.552804 0.0848697 0.835821
0 0.0465781 0.57377 0.0874323 0.828773
0 0.99295 0.427335 0.0138006 0.822096
0 0.0067525 0.575792 0.0134611 0.829475
