0 0.56641 0.636993 0.0806156 0.692343
0 0.641526 0.639579 0.0790984 0.677301
0 0.716128 0.63581 0.0807274 0.67959
0 0.490028 0.635411 0.0786524 0.686729
0 0.792369 0.63319 0.0819642 0.681568
0 0.338276 0.643836 0.0825908 0.680075
0 0.414368 0.643337 0.0796789 0.681796
0 0.184766 0.646561 0.0811823 0.687576
0 0.867686 0.636666 0.0816002 0.668484
0 0.260965 0.645038 0.0835011 0.680433
0 0.107366 0.646072 0.0856401 0.679017
0 0.945084 0.631332 0.08493 0.681187
0 0.0359235 0.650987 0.0718469 0.663104
0 0.990147 0.639264 0.0197056 0.658065
