0 0.398263 0.641545 0.0682681 0.620933
0 0.626564 0.701131 0.0625912 0.567574
0 0.336305 0.637653 0.071522 0.608156
0 0.148741 0.612075 0.0728668 0.625835
0 0.456603 0.649724 0.0662406 0.622534
0 0.571312 0.690794 0.0633402 0.581948
0 0.0839375 0.605857 0.0743402 0.622465
0 0.275602 0.633154 0.0672131 0.599365
0 0.213448 0.62692 0.0743584 0.621718
0 0.735507 0.679273 0.0626445 0.601857
0 0.680961 0.698449 0.0604632 0.558819
0 0.513981 0.666068 0.0661133 0.619627
0 0.843644 0.712471 0.0617716 0.560097
0 0.897106 0.717707 0.0613836 0.551687
0 0.0284014 0.598442 0.0566855 0.614383
0 0.949296 0.72071 0.0582855 0.536115
0 0.788552 0.71338 0.0606143 0.567518
0 0.984405 0.729075 0.0311215 0.530621
