0 0.603613 0.557127 0.0576878 0.661726
0 0.708861 0.598521 0.0561972 0.653706
0 0.656933 0.577624 0.0550524 0.658289
0 0.271222 0.454726 0.0627288 0.635848
0 0.0984097 0.3825 0.062976 0.624169
0 0.0361993 0.356453 0.069164 0.643248
0 0.329441 0.471358 0.0596738 0.629218
0 0.547377 0.552512 0.0613746 0.628821
0 0.761842 0.618269 0.0568378 0.643153
0 0.2076 0.424097 0.0662328 0.638464
0 0.815585 0.655291 0.0570255 0.605267
0 0.86789 0.667056 0.0563459 0.600322
0 0.968269 0.593979 0.0630642 0.80689
0 0.432654 0.516567 0.152156 0.61292
0 0.151397 0.410227 0.0518966 0.627467
0 0.954141 0.595132 0.0908264 0.807887
0 0.970544 0.430219 0.0589113 0.473016
0 0.00514516 0.331014 0.0102745 0.617904
