0 0.420783 0.601085 0.0616278 0.551853
0 0.47391 0.585137 0.0599035 0.517926
0 0.5239 0.550167 0.0545879 0.527778
0 0.572471 0.516092 0.0559149 0.541144
0 0.368556 0.614975 0.0567905 0.582591
0 0.317784 0.623491 0.0568475 0.637124
0 0.903596 0.334444 0.0420683 0.394828
0 0.263238 0.634609 0.0637496 0.674126
0 0.941291 0.338042 0.0418873 0.406499
0 0.977975 0.327236 0.0438574 0.410497
0 0.864009 0.287099 0.0469788 0.340033
0 0.621123 0.530949 0.052021 0.440059
0 0.211651 0.705741 0.0517202 0.569263
0 0.978134 0.812052 0.0437323 0.348747
0 0.048763 0.726569 0.0973457 0.546297
0 0.163958 0.714091 0.0536465 0.552075
0 0.81435 0.201082 0.0339457 0.31682
0 0.664434 0.54259 0.0440488 0.338458
0 0.935947 0.808197 0.047483 0.260802
0 0.114379 0.711801 0.0597543 0.561907
0 0.163003 0.799466 0.0532833 0.381912
0 0.114045 0.0928738 0.0574169 0.185748
0 0.053367 0.813723 0.0697796 0.362427
0 0.88086 0.847151 0.041024 0.258502
