0 0.236672 0.336283 0.208645 0.509957
0 0.224726 0.777012 0.223437 0.430917
0 0.42242 0.763693 0.180826 0.42893
0 0.943773 0.491304 0.0439686 0.477619
0 0.422794 0.590332 0.1824 0.814378
0 0.422123 0.391036 0.173137 0.405991
0 0.909765 0.494415 0.0426727 0.480078
0 0.944177 0.400955 0.0471927 0.654868
0 0.984899 0.400496 0.0302021 0.682773
0 0.979269 0.423049 0.0414621 0.684227
0 0.877749 0.398573 0.0521725 0.673459
0 0.761812 0.394836 0.0683987 0.709535
0 0.0108049 0.561618 0.0216097 0.836691
0 0.992398 0.427021 0.0150047 0.70151
0 0.0329198 0.549722 0.0654109 0.855147
