0 0.797025 0.54778 0.0703292 0.745559
0 0.729437 0.566436 0.0726709 0.696956
0 0.8669 0.521981 0.0779026 0.820269
0 0.0414799 0.574292 0.0828451 0.570165
0 0.315397 0.602999 0.0936449 0.551715
0 0.221651 0.593541 0.0898593 0.560148
0 0.655178 0.612924 0.08036 0.593445
0 0.393365 0.613831 0.0661264 0.538672
0 0.487156 0.626506 0.0792689 0.539079
0 0.948428 0.622601 0.0855316 0.635629
0 0.152193 0.582462 0.0542962 0.550966
0 0.109842 0.578184 0.0579235 0.559287
0 0.550536 0.63049 0.0537732 0.526391
0 0.562668 0.629495 0.0772705 0.527672
0 0.597908 0.6295 0.0421057 0.527931
0 0.504248 0.623162 0.04562 0.53806
0 0.949097 0.499286 0.0914078 0.880688
0 0.129924 0.57878 0.0996851 0.557138
0 0.436253 0.61063 0.0286268 0.529433
0 0.994723 0.636278 0.0104915 0.615292
0 0.337448 0.610224 0.0493104 0.531512
