0 0.750376 0.539316 0.0633112 0.8646
0 0.804772 0.537156 0.0629324 0.863992
0 0.859353 0.532994 0.0648937 0.864125
0 0.255457 0.568368 0.0665957 0.848576
0 0.474515 0.578932 0.0644951 0.829575
0 0.696074 0.524338 0.064226 0.905654
0 0.313209 0.575904 0.0665097 0.826574
0 0.588445 0.510292 0.0654041 0.958871
0 0.0917701 0.575086 0.0641028 0.848107
0 0.199147 0.578132 0.0662352 0.835674
0 0.418656 0.609264 0.0579987 0.765786
0 0.144941 0.57275 0.0637561 0.844987
0 0.642609 0.516732 0.0633883 0.930045
0 0.530901 0.569881 0.0641185 0.834552
0 0.368471 0.618088 0.0581159 0.748629
0 0.0366623 0.589959 0.0654644 0.806857
0 0.914499 0.619434 0.0614544 0.68945
0 0.967945 0.649744 0.0593746 0.620411
0 0.00985812 0.588463 0.0197108 0.823074
0 0.968351 0.517256 0.061231 0.877438
