0 0.406518 0.553761 0.0928506 0.790797
0 0.317811 0.546517 0.0955219 0.780941
0 0.140733 0.53015 0.0946277 0.776518
0 0.229102 0.540546 0.0933738 0.786338
0 0.0522804 0.515742 0.0972515 0.780708
0 0.762671 0.635291 0.0928457 0.579647
0 0.496663 0.570306 0.0919203 0.750656
0 0.853421 0.644867 0.091379 0.600944
0 0.583656 0.577593 0.0907127 0.737294
0 0.675152 0.628318 0.0897801 0.583066
0 0.952416 0.640203 0.0951687 0.610066
0 0.00752408 0.533801 0.0150482 0.769538
0 0.945036 0.487035 0.109564 0.897844
