0 0.961568 0.45735 0.0768643 0.642879
0 0.260064 0.581195 0.100536 0.709882
0 0.164817 0.583522 0.104733 0.710944
0 0.44543 0.550438 0.0958143 0.708883
0 0.535885 0.531744 0.0954795 0.690879
0 0.800788 0.485206 0.0931694 0.660867
0 0.353838 0.562838 0.0979207 0.714899
0 0.884393 0.471145 0.0925684 0.647683
0 0.713714 0.501946 0.0919172 0.677674
0 0.626852 0.526812 0.0936211 0.707196
0 0.0662782 0.592118 0.107235 0.708649
0 0.0120628 0.631138 0.0241257 0.696783
0 0.00965705 0.544935 0.0192865 0.535066
