0 0.216485 0.539205 0.0686331 0.750074
0 0.278037 0.542786 0.0713672 0.749628
0 0.155843 0.53524 0.068746 0.749703
0 0.0950426 0.526476 0.0722479 0.750124
0 0.339437 0.5324 0.0666218 0.748665
0 0.0341736 0.522476 0.0683471 0.751836
0 0.524359 0.573773 0.0706291 0.730529
0 0.88193 0.521991 0.0704681 0.864779
0 0.58756 0.570874 0.0693543 0.752103
0 0.646069 0.559106 0.0680236 0.753441
0 0.40017 0.54383 0.071932 0.755937
0 0.822077 0.511274 0.0686798 0.872187
0 0.704106 0.539954 0.0655373 0.785311
0 0.942134 0.549992 0.0711033 0.842053
0 0.463363 0.564892 0.0666689 0.714806
0 0.753265 0.386047 0.0510748 0.634389
0 0.982844 0.535691 0.034312 0.918703
0 0.7564 0.519754 0.0566628 0.908389
0 0.769515 0.517537 0.0727063 0.907874
0 0.783303 0.5193 0.0458514 0.908596
0 0.794328 0.487148 0.0484243 0.832323
