0 0.57883 0.552111 0.168224 0.36242
0 0.256183 0.445051 0.165676 0.509072
0 0.263203 0.82611 0.160778 0.326499
0 0.091713 0.511252 0.176658 0.484414
0 0.412858 0.47567 0.1723 0.513887
0 0.0984003 0.85221 0.17196 0.287254
0 0.580827 0.205316 0.173457 0.410632
0 0.584988 0.84369 0.164884 0.303031
0 0.904678 0.483291 0.182009 0.50171
0 0.422933 0.840276 0.165642 0.300176
0 0.914113 0.830953 0.160922 0.31
0 0.745167 0.736211 0.164119 0.417179
0 0.744298 0.660585 0.162866 0.2596
0 0.739379 0.461441 0.160167 0.257848
0 0.99376 0.825716 0.0122196 0.339725
0 0.739075 0.405038 0.162185 0.359027
