0 0.203499 0.655302 0.0582114 0.689397
0 0.153495 0.662576 0.0587543 0.674847
0 0.307287 0.639168 0.0606694 0.721663
0 0.629894 0.567837 0.0640673 0.755279
0 0.255442 0.649416 0.0620581 0.701168
0 0.85042 0.624184 0.0607605 0.570637
0 0.90532 0.60637 0.0605822 0.575535
0 0.360758 0.635218 0.0633048 0.729564
0 0.10372 0.669565 0.0592899 0.66087
0 0.57548 0.584542 0.0595698 0.743842
0 0.522495 0.593952 0.0639194 0.745641
0 0.0508137 0.670401 0.0627827 0.659198
0 0.467496 0.606673 0.0635276 0.7448
0 0.414603 0.627121 0.0621773 0.745757
0 0.0152353 0.668857 0.030362 0.662287
0 0.791856 0.639904 0.0661315 0.575356
0 0.964643 0.591199 0.0663543 0.579414
0 0.994211 0.596474 0.0114669 0.582835
