0 0.593496 0.647352 0.046289 0.699738
0 0.432354 0.539558 0.0477676 0.920884
0 0.911477 0.718127 0.0464154 0.518902
0 0.13061 0.595377 0.0497869 0.809246
0 0.34637 0.530526 0.0508843 0.938949
0 0.552883 0.651672 0.0411059 0.690927
0 0.638146 0.642569 0.0462538 0.700707
0 0.084954 0.596513 0.049842 0.806973
0 0.389247 0.526728 0.0470563 0.934687
0 0.30254 0.523054 0.0502367 0.953893
0 0.822981 0.728191 0.045427 0.523044
0 0.475885 0.535203 0.0475271 0.928769
0 0.177862 0.585663 0.0507537 0.820663
0 0.867147 0.722796 0.0436676 0.524799
0 0.956998 0.711312 0.0461895 0.533473
0 0.220192 0.522705 0.0507978 0.953053
0 0.0454194 0.59487 0.0414452 0.799174
0 0.516202 0.653647 0.0404268 0.688034
0 0.0165852 0.601665 0.0331705 0.796669
0 0.773312 0.727139 0.0424335 0.514108
0 0.260114 0.518331 0.042512 0.953297
0 0.68556 0.727939 0.0491733 0.532916
0 0.729048 0.730959 0.0410633 0.507728
0 0.989204 0.737188 0.0209671 0.486969
