0 0.844502 0.484667 0.0776264 0.879558
0 0.627867 0.513087 0.0775355 0.876992
0 0.77139 0.486041 0.077101 0.87611
0 0.341975 0.541326 0.0775019 0.868281
0 0.271085 0.557177 0.0757857 0.875161
0 0.921984 0.471946 0.0808089 0.876086
0 0.699522 0.501103 0.0774604 0.870901
0 0.1297 0.59095 0.0782709 0.814355
0 0.484163 0.52485 0.0786385 0.866833
0 0.0591821 0.595492 0.0795284 0.807374
0 0.413105 0.544021 0.0772017 0.886544
0 0.200323 0.587451 0.0772539 0.814422
0 0.556021 0.523895 0.0782682 0.883183
0 0.977685 0.445605 0.0446297 0.850007
0 0.0142087 0.603866 0.0282624 0.792268
