0 0.144425 0.6723 0.0902996 0.615916
0 0.313469 0.613176 0.0895073 0.619334
0 0.0560218 0.692201 0.0918378 0.605138
0 0.396367 0.591897 0.088375 0.590934
0 0.229629 0.642495 0.0903695 0.61455
0 0.860315 0.364589 0.0827074 0.705832
0 0.929228 0.346582 0.0837577 0.693164
0 0.636806 0.439987 0.0846767 0.722907
0 0.558493 0.466962 0.0827123 0.733128
0 0.78755 0.395953 0.0785953 0.698444
0 0.714751 0.437071 0.0863262 0.741672
0 0.477433 0.585884 0.0858978 0.55003
0 0.981546 0.332425 0.036908 0.66485
0 0.00776236 0.697188 0.0155247 0.584444
