0 0.128197 0.241525 0.133536 0.452997
0 0.737024 0.723455 0.155859 0.445797
0 0.582148 0.723733 0.15599 0.387166
0 0.428121 0.687626 0.147477 0.411583
0 0.134644 0.634571 0.136192 0.38856
0 0.425651 0.267693 0.159657 0.474868
0 0.278736 0.675232 0.145669 0.366429
0 0.889089 0.70125 0.151441 0.544523
0 0.582889 0.318204 0.15943 0.486465
0 0.271424 0.270253 0.149604 0.500377
0 0.738283 0.28782 0.150262 0.483405
0 0.0313916 0.235546 0.0627831 0.446828
0 0.0340046 0.627697 0.0680092 0.347733
0 0.981195 0.761709 0.0376106 0.476582
