0 0.51486 0.617622 0.083507 0.722952
0 0.253849 0.531417 0.101143 0.890609
0 0.626587 0.613933 0.0915619 0.736203
0 0.350135 0.541746 0.104644 0.879945
0 0.442473 0.624198 0.0743059 0.703693
0 0.166727 0.546836 0.0862437 0.857353
0 0.0728017 0.491375 0.110529 0.962309
0 0.81703 0.707061 0.0987791 0.545193
0 0.720487 0.706463 0.0960852 0.554787
0 0.909377 0.713757 0.0908417 0.544965
0 0.976471 0.722421 0.0470588 0.53495
0 0.0116897 0.487814 0.0233468 0.941733
0 0.0126784 0.735481 0.0251994 0.444822
0 0.00961116 0.290987 0.0191435 0.53742
