0 0.483818 0.711066 0.140248 0.452113
0 0.626478 0.743783 0.144515 0.436801
0 0.922898 0.338681 0.153278 0.462891
0 0.341718 0.706151 0.143589 0.417859
0 0.631557 0.325396 0.144949 0.457223
0 0.770099 0.755731 0.140262 0.443826
0 0.197291 0.680756 0.144514 0.419981
0 0.774267 0.338233 0.141406 0.44776
0 0.0624743 0.246653 0.124949 0.434166
0 0.199675 0.268855 0.146285 0.434087
0 0.343397 0.305328 0.146672 0.437616
0 0.91296 0.76653 0.148277 0.448895
0 0.0608051 0.660521 0.121483 0.42208
0 0.990411 0.770756 0.0191791 0.419245
