0 0.756207 0.462339 0.169256 0.501738
0 0.61559 0.376574 0.124286 0.680362
0 0.757835 0.830467 0.164716 0.307832
0 0.0701125 0.590732 0.0787649 0.754491
0 0.186219 0.602178 0.076087 0.770049
0 0.306397 0.628546 0.0753489 0.725144
0 0.243769 0.600136 0.0723314 0.779638
0 0.128509 0.582827 0.0728869 0.793566
0 0.422654 0.610872 0.0749857 0.77054
0 0.365271 0.580909 0.072252 0.826002
0 0.483036 0.622704 0.0750813 0.748235
0 0.0216844 0.648395 0.0433689 0.67572
0 0.540563 0.704868 0.0663954 0.584475
0 0.622882 0.851022 0.111962 0.292329
0 0.913275 0.515943 0.173451 0.963264
0 0.595426 0.847134 0.0589895 0.283525
0 0.91695 0.786951 0.162963 0.424542
