0 0.722462 0.487689 0.0836773 0.852042
0 0.798727 0.491576 0.0815001 0.821951
0 0.297425 0.515308 0.0960127 0.905288
0 0.477752 0.475122 0.0994937 0.93184
0 0.643733 0.464964 0.0880594 0.915185
0 0.951365 0.456385 0.0839005 0.859869
0 0.558333 0.465763 0.0797754 0.92393
0 0.385741 0.488203 0.0969664 0.939244
0 0.874625 0.456848 0.085577 0.8734
0 0.206835 0.53622 0.0977095 0.875727
0 0.0527563 0.515451 0.104932 0.898229
0 0.132586 0.484893 0.0715596 0.803887
0 0.991558 0.464315 0.0168836 0.862004
