0 0.715921 0.662915 0.0887627 0.640593
0 0.443477 0.629229 0.0881853 0.672357
0 0.528744 0.639046 0.0864018 0.668381
0 0.0509202 0.476314 0.0934539 0.867548
0 0.804134 0.670887 0.0935727 0.628743
0 0.619051 0.645098 0.101637 0.670824
0 0.144949 0.488783 0.106636 0.874689
0 0.344219 0.546618 0.111106 0.818014
0 0.901389 0.73807 0.10199 0.492152
0 0.240783 0.662509 0.105705 0.562347
0 0.975396 0.745897 0.0491093 0.490925
0 0.0109256 0.477707 0.0218512 0.856267
0 0.00637537 0.480274 0.0127507 0.831619
