0 0.108929 0.533704 0.100392 0.865906
0 0.563501 0.50881 0.0981558 0.878075
0 0.641289 0.505264 0.0962092 0.87826
0 0.186411 0.52871 0.0881306 0.858687
0 0.486895 0.504008 0.0964025 0.892201
0 0.717954 0.510897 0.0952103 0.866857
0 0.0383357 0.530328 0.0766179 0.873562
0 0.41169 0.501971 0.0986032 0.908048
0 0.79729 0.509359 0.0980741 0.863289
0 0.334081 0.482986 0.0977362 0.8623
0 0.257691 0.512007 0.0928475 0.862187
0 0.877506 0.513807 0.0954204 0.841831
0 0.954453 0.512812 0.0910935 0.836781
0 0.992766 0.527368 0.0143658 0.791116
