0 0.267137 0.363802 0.0810007 0.529954
0 0.872162 0.703149 0.068921 0.45618
0 0.0525921 0.271986 0.0847724 0.525602
0 0.198466 0.350309 0.0825458 0.508145
0 0.697706 0.601009 0.0721006 0.482591
0 0.757119 0.639895 0.0736335 0.479242
0 0.128518 0.321755 0.0864003 0.505914
0 0.521143 0.498559 0.0740504 0.491163
0 0.334501 0.417861 0.0790264 0.501516
0 0.815764 0.671474 0.0702416 0.4669
0 0.461012 0.468803 0.0756801 0.51472
0 0.638777 0.567028 0.0734141 0.482432
0 0.399865 0.440212 0.078091 0.530612
0 0.924958 0.732711 0.0632524 0.450217
0 0.579865 0.534134 0.0721133 0.486125
0 0.971076 0.76465 0.0578474 0.449427
0 0.0125245 0.258209 0.025049 0.495424
0 0.0490427 0.939927 0.095044 0.120146
