0 0.568171 0.644202 0.0920437 0.679464
0 0.378642 0.61604 0.109041 0.705971
0 0.664128 0.732979 0.10304 0.518504
0 0.478425 0.633691 0.0939585 0.681934
0 0.956497 0.770579 0.0863594 0.458841
0 0.865291 0.755396 0.101049 0.485458
0 0.76423 0.746169 0.10548 0.503346
0 0.265521 0.538034 0.120848 0.858872
0 0.144154 0.521246 0.126424 0.864646
0 0.962187 0.277559 0.0756263 0.53735
0 0.799266 0.356163 0.0832616 0.365567
0 0.0405108 0.546675 0.0774516 0.762184
0 0.889142 0.32887 0.0427983 0.402393
0 0.0108266 0.476493 0.0216533 0.889971
