0 0.424459 0.529917 0.0603921 0.474386
0 0.478366 0.551049 0.0565886 0.489565
0 0.533429 0.566766 0.0627933 0.503168
0 0.649083 0.629368 0.0606595 0.465177
0 0.707681 0.647119 0.0636608 0.480431
0 0.37155 0.508277 0.0553929 0.478153
0 0.126302 0.421858 0.0500335 0.432211
0 0.591996 0.594375 0.0612126 0.499053
0 0.889728 0.615041 0.0709553 0.703649
0 0.0804848 0.406322 0.049751 0.42538
0 0.174007 0.440018 0.051867 0.434855
0 0.222235 0.457263 0.054297 0.454313
0 0.319963 0.49308 0.0565664 0.469489
0 0.27065 0.475198 0.0527243 0.466492
0 0.767435 0.567717 0.0618098 0.681513
0 0.827975 0.588821 0.068292 0.687511
0 0.957024 0.637914 0.0731346 0.697589
0 0.0357155 0.384602 0.0507476 0.433609
0 0.991914 0.663249 0.0159306 0.669132
