0 0.736601 0.57662 0.0591038 0.655245
0 0.791967 0.595964 0.0612125 0.671369
0 0.851065 0.609797 0.0646051 0.696945
0 0.913501 0.622124 0.0660435 0.72279
0 0.971011 0.638506 0.0570517 0.715228
0 0.357159 0.422287 0.0415481 0.540569
0 0.635987 0.528591 0.0519343 0.636181
0 0.684915 0.540061 0.0540346 0.650813
0 0.589847 0.516406 0.0499779 0.606207
0 0.196555 0.367211 0.0362459 0.473145
0 0.471085 0.466098 0.0447432 0.582941
0 0.431757 0.455839 0.0429242 0.552011
0 0.508519 0.441386 0.0398046 0.671998
0 0.547087 0.441463 0.0431597 0.705219
0 0.393559 0.436476 0.0434573 0.535508
0 0.226998 0.369979 0.034282 0.47491
0 0.258405 0.393025 0.0372423 0.494577
0 0.321638 0.404215 0.0405841 0.546567
0 0.138186 0.348224 0.0364994 0.461828
0 0.167596 0.355548 0.0319469 0.475137
0 0.109442 0.344246 0.0346183 0.445597
0 0.290303 0.401719 0.0339404 0.516783
0 0.0323856 0.321438 0.0344491 0.417083
0 0.0577547 0.322971 0.0315228 0.422144
0 0.0832078 0.340127 0.0312517 0.429963
0 0.00820029 0.317969 0.0162842 0.423494
0 0.0120797 0.323567 0.0223107 0.414426
