0 0.445327 0.350988 0.240144 0.525968
0 0.66497 0.809244 0.244633 0.381511
0 0.681651 0.38284 0.244905 0.52478
0 0.440054 0.778485 0.227129 0.399224
0 0.894289 0.81991 0.204974 0.360181
0 0.184791 0.778417 0.080967 0.351457
0 0.104455 0.775178 0.0833517 0.345581
0 0.267277 0.784847 0.0900417 0.368353
0 0.0319435 0.755194 0.063887 0.363642
0 0.266049 0.382185 0.0934024 0.450714
0 0.181441 0.38851 0.0838298 0.435168
0 0.899438 0.402775 0.197712 0.529341
0 0.100542 0.387499 0.0849397 0.428791
0 0.0310709 0.347531 0.0621417 0.460782
0 0.16541 0.517892 0.33082 0.920378
