0 0.341366 0.605609 0.046819 0.774105
0 0.251628 0.600505 0.0456078 0.772128
0 0.428865 0.61133 0.0469856 0.772443
0 0.51489 0.617236 0.0439508 0.759489
0 0.165067 0.589236 0.0480856 0.767215
0 0.681435 0.62643 0.0454842 0.739417
0 0.384374 0.610843 0.0468645 0.775173
0 0.55622 0.619226 0.043559 0.749399
0 0.294036 0.603461 0.0493954 0.783911
0 0.472934 0.61322 0.0451235 0.763008
0 0.599281 0.621344 0.0441463 0.75346
0 0.804726 0.627025 0.0435616 0.743542
0 0.207552 0.596745 0.0487584 0.786498
0 0.0746244 0.614453 0.0466519 0.697502
0 0.97273 0.618442 0.0492161 0.754019
0 0.640144 0.62209 0.0437094 0.743173
0 0.93043 0.622028 0.0498657 0.74785
0 0.845984 0.630386 0.0447416 0.73769
0 0.119996 0.608132 0.0503106 0.722198
0 0.763416 0.623359 0.0454698 0.74213
0 0.88631 0.621811 0.0471077 0.744287
0 0.722765 0.625776 0.0440153 0.744216
0 0.027858 0.617833 0.0546691 0.723165
0 0.847096 0.437659 0.0436455 0.376607
0 0.723753 0.462759 0.042657 0.424313
