0 0.105478 0.569662 0.0574436 0.70067
0 0.579641 0.604736 0.0558471 0.68859
0 0.158864 0.567457 0.0571325 0.687265
0 0.527727 0.610816 0.0563309 0.678451
0 0.63178 0.61128 0.0553883 0.677025
0 0.475461 0.599371 0.0553693 0.689643
0 0.423603 0.591707 0.0560518 0.68959
0 0.77931 0.557958 0.0531786 0.77841
0 0.050135 0.542446 0.0603837 0.679611
0 0.370449 0.598037 0.0564916 0.671359
0 0.682048 0.626576 0.0538239 0.642899
0 0.212598 0.572942 0.0567475 0.684259
0 0.265114 0.582808 0.0564022 0.674722
0 0.317661 0.588116 0.0559779 0.676432
0 0.730961 0.616186 0.0509854 0.653634
0 0.950218 0.529314 0.0969009 0.862157
