0 0.273122 0.617666 0.0686437 0.632465
0 0.10192 0.652342 0.0719669 0.63066
0 0.160283 0.639813 0.0712991 0.622049
0 0.217128 0.62945 0.0692328 0.630477
0 0.043541 0.657224 0.072531 0.625564
0 0.594729 0.563617 0.0659493 0.616589
0 0.69757 0.555952 0.0655262 0.595575
0 0.327669 0.616471 0.0667454 0.604768
0 0.747898 0.555282 0.0652117 0.58497
0 0.646491 0.560047 0.0648384 0.607444
0 0.542994 0.576546 0.0655464 0.605645
0 0.490368 0.586783 0.0660204 0.604162
0 0.85149 0.470747 0.0634615 0.70776
0 0.435979 0.606351 0.0673626 0.586559
0 0.38129 0.624411 0.0662438 0.570508
0 0.799618 0.473821 0.0677136 0.724028
0 0.900426 0.473956 0.0635472 0.697999
0 0.948739 0.467823 0.0632408 0.700075
0 0.982086 0.471836 0.035828 0.730646
0 0.0114453 0.563906 0.0228905 0.814321
0 0.0097394 0.64775 0.0194303 0.609919
