0 0.568358 0.650238 0.0775364 0.699524
0 0.496511 0.648879 0.0799682 0.702241
0 0.640499 0.650177 0.0798468 0.699646
0 0.349517 0.65345 0.0784178 0.693101
0 0.712442 0.646521 0.0795824 0.706957
0 0.420899 0.649719 0.0798436 0.700562
0 0.785923 0.640906 0.0811762 0.718187
0 0.278765 0.652171 0.0776155 0.695657
0 0.136075 0.651043 0.0822157 0.697913
0 0.929701 0.639133 0.0790247 0.721734
0 0.859122 0.637265 0.0790182 0.725469
0 0.208602 0.651616 0.0781012 0.696767
0 0.0611264 0.649253 0.0799569 0.701495
0 0.980517 0.635581 0.0389107 0.715488
0 0.0146891 0.623192 0.0293782 0.74192
