0 0.70043 0.478083 0.0635295 0.633707
0 0.424891 0.570019 0.062488 0.63626
0 0.756409 0.459744 0.0644006 0.641503
0 0.588008 0.519663 0.0632819 0.648342
0 0.478806 0.563887 0.0608982 0.623441
0 0.873066 0.405197 0.0651022 0.628554
0 0.147854 0.689632 0.0632921 0.594661
0 0.814894 0.429091 0.0639454 0.645165
0 0.533298 0.532894 0.0622156 0.643269
0 0.643581 0.49556 0.064191 0.647574
0 0.315271 0.628949 0.0612556 0.590379
0 0.0936792 0.698792 0.0622832 0.599568
0 0.368867 0.608421 0.0613802 0.590913
0 0.931454 0.395054 0.0614869 0.632744
0 0.204696 0.662558 0.0664332 0.577469
0 0.262398 0.640825 0.0602022 0.583876
0 0.976728 0.381764 0.0461786 0.586066
0 0.0409028 0.704751 0.0613344 0.580463
0 0.0095925 0.501296 0.0191353 0.987285
