0 0.775904 0.504012 0.0745897 0.927419
0 0.706466 0.499238 0.0731376 0.944143
0 0.497984 0.49243 0.0733684 0.944968
0 0.429314 0.489858 0.0729266 0.93756
0 0.288443 0.472619 0.0742705 0.945238
0 0.149423 0.473763 0.0747093 0.894471
0 0.358203 0.483272 0.0746467 0.94256
0 0.92094 0.520767 0.0775573 0.919612
0 0.637146 0.500846 0.0742194 0.94275
0 0.568553 0.498696 0.0733612 0.946503
0 0.846622 0.511809 0.0752567 0.917174
0 0.219366 0.485412 0.0725108 0.905349
0 0.0795544 0.467473 0.0733753 0.892761
0 0.0240428 0.458587 0.0480856 0.895807
0 0.977507 0.522257 0.0449853 0.921298
