0 0.248275 0.531837 0.0581408 0.902945
0 0.575235 0.514351 0.0594959 0.938075
0 0.466792 0.554462 0.0567711 0.841914
0 0.851685 0.507602 0.0595486 0.925174
0 0.0827871 0.514358 0.060541 0.897911
0 0.632977 0.515404 0.0606598 0.94081
0 0.906745 0.512878 0.060491 0.923061
0 0.964424 0.508997 0.0648674 0.92518
0 0.305156 0.509282 0.0633704 0.944655
0 0.798077 0.514624 0.0575886 0.920744
0 0.413321 0.548943 0.0555139 0.851924
0 0.690231 0.515496 0.0592974 0.927407
0 0.140169 0.513789 0.0612476 0.894498
0 0.744434 0.5171 0.0579271 0.923015
0 0.194969 0.526669 0.0581149 0.87676
0 0.359675 0.540088 0.0541519 0.851887
0 0.0284522 0.517327 0.0568046 0.908872
0 0.520113 0.537176 0.0576212 0.866871
0 0.994647 0.509387 0.0107056 0.935549
