0 0.561267 0.659225 0.0442969 0.333008
0 0.604202 0.679265 0.0440251 0.326458
0 0.472872 0.630192 0.0451664 0.303093
0 0.64584 0.698628 0.0423227 0.323972
0 0.518005 0.63263 0.0449313 0.34692
0 0.327563 0.561133 0.0493816 0.327141
0 0.683518 0.726585 0.0370047 0.297117
0 0.169276 0.394979 0.0544442 0.543328
0 0.276163 0.528077 0.0512675 0.349555
0 0.120104 0.362763 0.0520078 0.542344
0 0.426488 0.573452 0.0461159 0.381452
0 0.0688732 0.333979 0.0569074 0.54948
0 0.0210926 0.299123 0.0421853 0.5688
0 0.723889 0.742401 0.0446129 0.31059
0 0.219258 0.421631 0.0546518 0.552804
0 0.378397 0.553766 0.050871 0.381239
0 0.833805 0.732005 0.0404492 0.425531
0 0.796321 0.712786 0.0401657 0.434424
0 0.946717 0.847185 0.0996694 0.302255
0 0.759882 0.699551 0.0351941 0.433314
0 0.869671 0.746596 0.0357712 0.413295
0 0.860343 0.743668 0.0579534 0.419163
