0 0.780397 0.425778 0.144823 0.405482
0 0.616546 0.77598 0.189319 0.280998
0 0.780366 0.747094 0.137451 0.275764
0 0.613611 0.431028 0.193598 0.42644
0 0.136936 0.627685 0.0637262 0.695604
0 0.201411 0.568663 0.0624423 0.753135
0 0.429336 0.577489 0.0590514 0.710664
0 0.372435 0.602671 0.0590571 0.685028
0 0.259755 0.611327 0.0620737 0.689036
0 0.317025 0.630966 0.0607303 0.646283
0 0.0791386 0.61079 0.0587416 0.719752
0 0.486387 0.547495 0.061922 0.739942
0 0.0270237 0.569928 0.0529929 0.650643
0 0.923123 0.540367 0.148874 0.631108
0 0.990508 0.689251 0.0186812 0.321567
0 0.92241 0.632587 0.147426 0.443889
