0 0.496541 0.735641 0.137405 0.485198
0 0.220077 0.71628 0.141864 0.469387
0 0.636736 0.265053 0.13233 0.473069
0 0.932267 0.739567 0.135104 0.484848
0 0.363565 0.314844 0.140292 0.497033
0 0.630469 0.714172 0.1359 0.478928
0 0.501638 0.291299 0.13622 0.472208
0 0.938202 0.283156 0.123403 0.533101
0 0.0748123 0.278126 0.142449 0.460215
0 0.35985 0.749748 0.133108 0.44035
0 0.21946 0.273457 0.149546 0.482142
0 0.789926 0.313706 0.170349 0.539247
0 0.783046 0.760026 0.155751 0.45077
0 0.0809832 0.695567 0.135212 0.445658
0 0.00887964 0.709955 0.0175937 0.504007
