0 0.456848 0.75566 0.150924 0.487464
0 0.606987 0.757014 0.151869 0.485973
0 0.756974 0.765477 0.15368 0.469046
0 0.908382 0.74383 0.153996 0.506026
0 0.760451 0.308445 0.158062 0.522418
0 0.45403 0.30564 0.151731 0.494904
0 0.30665 0.77207 0.151561 0.45586
0 0.914616 0.26595 0.15962 0.531901
0 0.30046 0.316293 0.158708 0.549552
0 0.605996 0.290991 0.156814 0.530133
0 0.155486 0.765296 0.0548028 0.442754
0 0.142934 0.310648 0.0563707 0.4807
0 0.205764 0.766647 0.0541429 0.43118
0 0.0609024 0.318689 0.118754 0.548976
0 0.194224 0.313555 0.0573318 0.489828
0 0.0759396 0.78266 0.109955 0.434679
0 0.0141173 0.792714 0.028117 0.414572
