0 0.440859 0.264424 0.131373 0.292216
0 0.225891 0.419858 0.112393 0.280094
0 0.581876 0.325752 0.157174 0.316308
0 0.437896 0.527615 0.1309 0.293646
0 0.3285 0.222557 0.101341 0.254795
0 0.716403 0.63456 0.161597 0.434726
0 0.0874313 0.344354 0.0722851 0.237581
0 0.226207 0.180436 0.109767 0.244251
0 0.570604 0.600393 0.138277 0.315571
0 0.0882959 0.126035 0.0798923 0.234981
0 0.893269 0.430551 0.187315 0.400785
0 0.328266 0.457969 0.0909533 0.248226
0 0.880674 0.764136 0.181651 0.320096
0 0.0261589 0.115932 0.0523178 0.231865
0 0.148623 0.141129 0.0447185 0.220577
0 0.0263136 0.322611 0.0523254 0.230368
0 0.14722 0.353876 0.0495763 0.246053
