0 0.525165 0.527658 0.0599315 0.812393
0 0.578057 0.527631 0.0590769 0.82037
0 0.631426 0.522887 0.0605593 0.817604
0 0.685606 0.514722 0.0613148 0.81799
0 0.253924 0.601167 0.0614913 0.786116
0 0.793562 0.492883 0.062542 0.840189
0 0.848879 0.479435 0.0641928 0.857466
0 0.905563 0.473647 0.0672036 0.859455
0 0.469472 0.548536 0.0623797 0.807127
0 0.306663 0.572518 0.0616477 0.79703
0 0.415034 0.551406 0.0588369 0.809828
0 0.201126 0.611739 0.0618355 0.77013
0 0.362338 0.56436 0.0608552 0.789414
0 0.148079 0.615387 0.0624214 0.769225
0 0.963788 0.464794 0.0680942 0.869385
0 0.739314 0.505345 0.0605306 0.828926
0 0.0939718 0.619046 0.0632294 0.761909
0 0.0451909 0.631492 0.0626866 0.735518
0 0.0099689 0.673006 0.0198558 0.653989
