0 0.618085 0.713242 0.113559 0.234971
0 0.855638 0.383782 0.123547 0.425444
0 0.505739 0.727559 0.112741 0.222554
0 0.506223 0.420913 0.11592 0.409238
0 0.390958 0.422153 0.116415 0.423026
0 0.390843 0.743714 0.11262 0.247662
0 0.846357 0.697545 0.111994 0.215792
0 0.158345 0.587215 0.176994 0.444167
0 0.619184 0.385085 0.116442 0.452666
0 0.733771 0.711248 0.116728 0.208145
0 0.7371 0.389796 0.120741 0.431948
0 0.952608 0.663398 0.0934317 0.251011
0 0.952539 0.345811 0.0949226 0.428014
0 0.293693 0.770822 0.0818701 0.204398
0 0.935683 0.317014 0.128413 0.487198
0 0.0383169 0.709893 0.0766339 0.543783
0 0.288377 0.518449 0.088795 0.337475
0 0.174731 0.213952 0.168091 0.382675
0 0.0386406 0.571 0.0771484 0.803695
