0 0.631235 0.337508 0.272832 0.349522
0 0.361195 0.334591 0.276749 0.344044
0 0.37782 0.592123 0.256362 0.182064
0 0.629583 0.755755 0.236755 0.169055
0 0.629689 0.903789 0.231066 0.150785
0 0.391326 0.754052 0.240118 0.153858
0 0.628071 0.590032 0.250944 0.1853
0 0.400743 0.897105 0.226919 0.153629
0 0.871403 0.691188 0.244696 0.304896
0 0.153919 0.817955 0.259921 0.285789
0 0.864596 0.908766 0.226277 0.147172
0 0.137193 0.615098 0.242058 0.151722
0 0.118034 0.379444 0.234502 0.341375
0 0.860468 0.473395 0.199467 0.135814
0 0.122547 0.447504 0.242779 0.475643
0 0.0322925 0.746542 0.064585 0.441589
0 0.989492 0.868249 0.0207836 0.232777
