0 0.621919 0.454324 0.0965307 0.732948
0 0.365517 0.507479 0.102517 0.778498
0 0.710157 0.423322 0.0935081 0.691578
0 0.454791 0.465306 0.089774 0.764723
0 0.876075 0.336519 0.0878888 0.642031
0 0.271514 0.509221 0.103033 0.830625
0 0.956564 0.361061 0.0861892 0.711357
0 0.794111 0.339959 0.0884901 0.629478
0 0.537366 0.456301 0.0888903 0.746306
0 0.173052 0.622663 0.10585 0.648356
0 0.079471 0.650391 0.101143 0.644436
0 0.126153 0.483659 0.204509 0.967318
0 0.0189608 0.53071 0.0379215 0.910484
