0 0.643261 0.490273 0.0617701 0.894742
0 0.695065 0.48856 0.060107 0.884055
0 0.589859 0.488852 0.0626913 0.913717
0 0.0931032 0.539981 0.0660564 0.911812
0 0.49255 0.500402 0.0606759 0.910028
0 0.0448217 0.541755 0.0652453 0.916491
0 0.146126 0.528341 0.0700842 0.899311
0 0.746569 0.479555 0.0614681 0.89029
0 0.240472 0.507416 0.0616886 0.940807
0 0.292854 0.603938 0.0572643 0.753587
0 0.94865 0.461688 0.0701054 0.860775
0 0.014399 0.537346 0.028798 0.91355
0 0.192976 0.501715 0.0556882 0.93742
0 0.343279 0.626386 0.0598715 0.68419
0 0.986708 0.460625 0.0265848 0.864464
0 0.540696 0.503024 0.0593896 0.899065
0 0.90134 0.355468 0.044866 0.689578
0 0.811503 0.12013 0.0377862 0.24026
0 0.378719 0.563524 0.0476141 0.785277
