0 0.246482 0.274847 0.181995 0.515743
0 0.582361 0.670242 0.157762 0.47971
0 0.244801 0.746146 0.17639 0.501118
0 0.869508 0.614433 0.128453 0.46464
0 0.424837 0.613258 0.158969 0.4861
0 0.59195 0.23403 0.161198 0.460587
0 0.433371 0.196769 0.155406 0.384883
0 0.73452 0.650196 0.146755 0.474555
0 0.872674 0.20843 0.133843 0.3962
0 0.739255 0.218558 0.138142 0.435251
0 0.965782 0.602739 0.0684368 0.463959
0 0.0789667 0.271579 0.154056 0.517327
0 0.96991 0.197064 0.0601803 0.394127
0 0.0794583 0.732632 0.154983 0.455794
