0 0.914462 0.447444 0.159352 0.445435
0 0.72909 0.478263 0.221342 0.466478
0 0.29062 0.463994 0.0689797 0.713642
0 0.910629 0.796615 0.157581 0.265786
0 0.232775 0.465316 0.0610426 0.724828
0 0.723917 0.819022 0.212843 0.246644
0 0.413444 0.502218 0.0675084 0.756659
0 0.177733 0.476804 0.0621747 0.702985
0 0.531494 0.57916 0.0592163 0.712142
0 0.473088 0.553794 0.06359 0.720762
0 0.587392 0.592008 0.0613104 0.643773
0 0.0566623 0.630333 0.0677418 0.616254
0 0.0145695 0.598567 0.0290075 0.686069
0 0.3568 0.402737 0.0686385 0.692731
0 0.0142302 0.718029 0.0283623 0.451214
