0 0.672457 0.518951 0.0683232 0.894362
0 0.605778 0.537687 0.0701429 0.893522
0 0.737752 0.509262 0.0701243 0.898281
0 0.949461 0.474424 0.0749855 0.899125
0 0.878514 0.483893 0.0737166 0.892174
0 0.5408 0.543831 0.0677575 0.883045
0 0.346442 0.594857 0.0682217 0.789909
0 0.28213 0.600774 0.0651799 0.787607
0 0.1589 0.608449 0.0639511 0.772601
0 0.475101 0.581271 0.065406 0.817561
0 0.220281 0.602901 0.0641138 0.785421
0 0.807249 0.493331 0.0702828 0.8968
0 0.0984056 0.610621 0.063394 0.765584
0 0.411308 0.586242 0.0658449 0.809618
0 0.0357299 0.614807 0.0677982 0.762358
0 0.00391627 0.623927 0.00777207 0.752145
