0 0.326258 0.570526 0.0558488 0.534677
0 0.385025 0.573957 0.0582994 0.544149
0 0.443615 0.574243 0.0535782 0.542662
0 0.739461 0.780152 0.162949 0.223232
0 0.262172 0.570625 0.0465466 0.524844
0 0.510326 0.562222 0.0530407 0.570392
0 0.733902 0.592504 0.157224 0.210546
0 0.208723 0.576318 0.0584251 0.519494
0 0.14736 0.580016 0.0500314 0.503579
0 0.901384 0.463427 0.19716 0.853066
0 0.570684 0.588274 0.0598622 0.523586
0 0.0904394 0.553678 0.0505089 0.541867
0 0.725543 0.392966 0.148681 0.209195
0 0.0263976 0.528249 0.050207 0.571147
0 0.630838 0.539298 0.0454689 0.633447
0 0.63286 0.667361 0.0441773 0.386277
0 0.569312 0.491112 0.0555037 0.710609
0 0.00397676 0.54979 0.00795352 0.540638
