0 0.371124 0.528769 0.0697708 0.886143
0 0.174121 0.532076 0.0686792 0.866801
0 0.570045 0.548473 0.0683437 0.872337
0 0.436981 0.539608 0.0691306 0.901899
0 0.237618 0.53401 0.0684974 0.876096
0 0.301643 0.529358 0.069566 0.875142
0 0.504516 0.546266 0.0693797 0.883465
0 0.108444 0.531528 0.0713842 0.865668
0 0.634387 0.551419 0.0674817 0.85549
0 0.953294 0.542828 0.0693119 0.778076
0 0.697321 0.519215 0.0662015 0.777681
0 0.890527 0.544908 0.068232 0.785794
0 0.0425129 0.531351 0.0704815 0.864268
0 0.82505 0.543408 0.0649756 0.785825
0 0.761558 0.522869 0.0657676 0.753113
0 0.990543 0.558017 0.018412 0.751725
0 0.00762307 0.539191 0.0152247 0.889936
