0 0.497735 0.689311 0.0591308 0.618754
0 0.609031 0.540376 0.0614705 0.896277
0 0.891465 0.542307 0.0600098 0.899885
0 0.440904 0.687146 0.0586403 0.625613
0 0.667736 0.542542 0.0618352 0.899807
0 0.3274 0.682009 0.0591099 0.626395
0 0.21479 0.677311 0.061929 0.627563
0 0.8371 0.538186 0.0592415 0.891962
0 0.552923 0.688898 0.0571884 0.621559
0 0.781242 0.538337 0.0626028 0.89207
0 0.72286 0.539372 0.0586149 0.891157
0 0.270931 0.682875 0.0612133 0.619111
0 0.38329 0.684469 0.0585822 0.617788
0 0.146049 0.697024 0.0642889 0.589661
0 0.0860049 0.70139 0.0614287 0.579226
0 0.0289164 0.699191 0.0574799 0.580007
0 0.959675 0.657475 0.0770634 0.657533
