0 0.396198 0.519006 0.0815035 0.878613
0 0.470478 0.518313 0.0817536 0.868572
0 0.246384 0.547068 0.0834519 0.862581
0 0.544099 0.513131 0.0803618 0.86445
0 0.321272 0.533216 0.0829186 0.87384
0 0.0879648 0.556519 0.0898896 0.850121
0 0.168911 0.552548 0.0852152 0.847864
0 0.618253 0.505524 0.0825137 0.867119
0 0.765469 0.497519 0.0802746 0.85001
0 0.692574 0.500085 0.0818224 0.858035
0 0.842073 0.486403 0.0844583 0.861408
0 0.918525 0.478783 0.0864697 0.843103
0 0.027662 0.565785 0.0553239 0.821148
0 0.97547 0.477355 0.0489094 0.807841
