0 0.677283 0.424963 0.0784245 0.671827
0 0.319557 0.584682 0.194017 0.635818
0 0.740997 0.418377 0.0683737 0.640158
0 0.798808 0.392009 0.0710487 0.605804
0 0.607236 0.435079 0.0843512 0.705325
0 0.857933 0.388261 0.0735668 0.596442
0 0.911521 0.369797 0.0637663 0.564107
0 0.117326 0.61896 0.219612 0.706178
0 0.54977 0.424524 0.0751987 0.70377
0 0.186949 0.635116 0.0826778 0.599163
0 0.113946 0.140061 0.227893 0.280122
0 0.956187 0.367126 0.0676041 0.549969
0 0.98178 0.354032 0.0364404 0.559422
0 0.475008 0.339565 0.0663004 0.59397
0 0.0135775 0.63959 0.027155 0.669409
0 0.922519 0.369418 0.0568647 0.557176
0 0.501771 0.350625 0.0481292 0.594578
0 0.437434 0.330685 0.0526097 0.604111
