0 0.304434 0.720952 0.054448 0.491402
0 0.515837 0.739152 0.0915762 0.487277
0 0.253154 0.747566 0.0535177 0.446525
0 0.356425 0.720992 0.0536189 0.492299
0 0.425909 0.72577 0.0837327 0.499808
0 0.603988 0.757003 0.0838179 0.443759
0 0.0907113 0.648593 0.0613087 0.608267
0 0.143352 0.667628 0.0495466 0.579339
0 0.687104 0.765684 0.0741207 0.429425
0 0.0313934 0.628755 0.0616143 0.637462
0 0.761686 0.770308 0.0779266 0.431465
0 0.192529 0.70951 0.0455375 0.515415
0 0.966225 0.79344 0.0637124 0.409967
0 0.900252 0.786544 0.0663212 0.412282
0 0.834157 0.784 0.0721747 0.423794
0 0.00369022 0.600503 0.00738043 0.679955
