0 0.0965245 0.514717 0.0854874 0.918376
0 0.173539 0.513687 0.09194 0.919014
0 0.329915 0.512348 0.0890248 0.937537
0 0.481738 0.498102 0.0875113 0.952808
0 0.252442 0.518521 0.0882548 0.92367
0 0.406456 0.506289 0.0868426 0.942332
0 0.556405 0.492708 0.0863381 0.956125
0 0.781415 0.511676 0.0864893 0.925341
0 0.631382 0.503715 0.0866902 0.938989
0 0.706267 0.514435 0.0861469 0.920809
0 0.85725 0.509742 0.0878006 0.916734
0 0.93307 0.504033 0.0872814 0.911317
0 0.0320238 0.507464 0.0640475 0.942817
0 0.983438 0.507009 0.033124 0.917845
