0 0.443685 0.669693 0.0900984 0.652474
0 0.52599 0.653706 0.0872919 0.66258
0 0.362451 0.675135 0.0890828 0.642404
0 0.776569 0.619744 0.105207 0.702609
0 0.610718 0.645967 0.0921792 0.666171
0 0.953143 0.620679 0.0935023 0.699612
0 0.868015 0.622293 0.101134 0.699908
0 0.128865 0.600661 0.0938335 0.784534
0 0.0596639 0.574643 0.085928 0.843644
0 0.202629 0.565226 0.0880153 0.866889
0 0.27957 0.552723 0.0906624 0.888766
0 0.0171289 0.554348 0.0342579 0.886578
0 0.677429 0.494145 0.0515011 0.547585
