0 0.563282 0.497767 0.218352 0.430588
0 0.359343 0.633128 0.0659403 0.646322
0 0.296734 0.630597 0.0665081 0.661973
0 0.106113 0.609331 0.0680544 0.726663
0 0.231577 0.616293 0.0709978 0.691146
0 0.167175 0.59659 0.0664779 0.746236
0 0.0434925 0.602349 0.0672906 0.759431
0 0.41969 0.612286 0.0636083 0.674127
0 0.917664 0.498402 0.164672 0.900921
0 0.754799 0.615366 0.170521 0.654819
0 0.754926 0.50008 0.169865 0.419776
0 0.561635 0.827391 0.220381 0.251636
0 0.754236 0.822215 0.165863 0.259648
0 0.00779432 0.637971 0.0155886 0.61689
