0 0.438219 0.464008 0.0965726 0.928015
0 0.75511 0.500206 0.0959257 0.957288
0 0.518488 0.470546 0.0960989 0.941091
0 0.598764 0.477033 0.0958258 0.954067
0 0.677513 0.487774 0.0955244 0.964047
0 0.906835 0.663579 0.0954365 0.672843
0 0.832036 0.511113 0.0994905 0.958332
0 0.968271 0.66598 0.0634588 0.668041
0 0.356995 0.457102 0.100514 0.914204
0 0.0957667 0.435783 0.10864 0.871566
0 0.183911 0.44379 0.103374 0.887579
0 0.271265 0.447333 0.104197 0.894666
0 0.0326866 0.420768 0.0653731 0.841535
