0 0.426294 0.521852 0.040032 0.896446
0 0.394851 0.517353 0.0349233 0.905729
0 0.462265 0.489079 0.0431977 0.953867
0 0.364028 0.498077 0.0394401 0.942973
0 0.498331 0.492114 0.0404804 0.936221
0 0.328464 0.493354 0.0401485 0.969141
0 0.550981 0.542582 0.0721206 0.865202
0 0.796393 0.594139 0.0534845 0.808541
0 0.0418562 0.519217 0.0800124 0.855735
0 0.204607 0.477777 0.0586633 0.955554
0 0.742664 0.559597 0.0638409 0.831632
0 0.660014 0.6082 0.10623 0.734751
0 0.837888 0.581618 0.0439941 0.8139
0 0.974844 0.547872 0.0481764 0.878157
0 0.886158 0.56816 0.0682424 0.861094
0 0.28801 0.477097 0.0418425 0.954193
0 0.939199 0.469742 0.036974 0.883001
0 0.596876 0.562724 0.0325897 0.788984
0 0.274199 0.480042 0.0725995 0.960084
0 0.641538 0.620715 0.0654683 0.715245
0 0.106407 0.475784 0.0480155 0.9064
0 0.00625745 0.521319 0.0125049 0.839909
0 0.743649 0.425076 0.0636669 0.578377
0 0.121035 0.469563 0.0784841 0.939126
