0 0.258395 0.379206 0.141326 0.54103
0 0.119719 0.372931 0.149329 0.54865
0 0.741984 0.700873 0.128537 0.36526
0 0.395107 0.356358 0.142335 0.549895
0 0.74803 0.301494 0.139407 0.547216
0 0.885066 0.308057 0.150119 0.616114
0 0.263555 0.510236 0.145526 0.800039
0 0.126267 0.51645 0.159251 0.847928
0 0.874243 0.694907 0.139722 0.371225
0 0.40162 0.72721 0.135983 0.376023
0 0.613351 0.485444 0.145698 0.862456
0 0.610631 0.723652 0.136856 0.390109
0 0.614538 0.34305 0.1387 0.556697
0 0.400643 0.502339 0.145566 0.821866
0 0.883827 0.440862 0.15247 0.881101
