0 0.352813 0.459016 0.0773916 0.918032
0 0.426612 0.461889 0.0770622 0.923778
0 0.282456 0.453476 0.0750613 0.90645
0 0.210524 0.446886 0.0756211 0.893772
0 0.0723659 0.438697 0.072065 0.877394
0 0.139089 0.439251 0.0748509 0.878502
0 0.597814 0.473305 0.0825213 0.946609
0 0.681254 0.478453 0.0834118 0.956905
0 0.0222429 0.432204 0.0444858 0.864408
0 0.519838 0.469594 0.0754308 0.939188
0 0.762027 0.4888 0.0833557 0.977599
0 0.847964 0.489197 0.105668 0.978394
0 0.930098 0.490157 0.0599041 0.980313
0 0.943931 0.483715 0.0890007 0.96743
0 0.972624 0.49383 0.053421 0.987659
