0 0.929087 0.366924 0.0794636 0.656043
0 0.782355 0.434488 0.0760881 0.612032
0 0.263935 0.63499 0.0602187 0.517521
0 0.854981 0.38835 0.0813389 0.660512
0 0.713714 0.452214 0.0727867 0.604847
0 0.0332764 0.701224 0.0478914 0.470601
0 0.164158 0.659136 0.0527887 0.491529
0 0.527734 0.534893 0.0659968 0.572959
0 0.21301 0.649606 0.054196 0.499231
0 0.117994 0.67745 0.0489808 0.481005
0 0.367289 0.596689 0.0609259 0.531575
0 0.469112 0.555849 0.061145 0.561845
0 0.981957 0.342811 0.0360861 0.685622
0 0.0751073 0.692351 0.0448864 0.464582
0 0.00740807 0.708053 0.0148161 0.486524
