0 0.271802 0.537807 0.0691091 0.813524
0 0.599114 0.578522 0.0653468 0.772132
0 0.708542 0.599753 0.0651869 0.752967
0 0.383051 0.551571 0.06283 0.796086
0 0.653238 0.590287 0.0623585 0.761075
0 0.329652 0.533403 0.0665621 0.828839
0 0.212341 0.519001 0.0697779 0.828469
0 0.543283 0.563358 0.0636212 0.80002
0 0.152962 0.511507 0.0681911 0.825971
0 0.437592 0.555869 0.0640547 0.801306
0 0.0941093 0.49663 0.0681691 0.834668
0 0.761644 0.607467 0.0619009 0.749255
0 0.490545 0.548251 0.0632997 0.816659
0 0.812853 0.615653 0.0607265 0.74151
0 0.917108 0.611638 0.0634098 0.742096
0 0.864334 0.61676 0.0618473 0.74512
0 0.967088 0.620734 0.0621214 0.733991
0 0.0356644 0.46809 0.0713289 0.923404
0 0.991731 0.626143 0.0165373 0.747714
0 0.994625 0.638259 0.0107407 0.712573
