0 0.728286 0.303748 0.172123 0.567796
0 0.410152 0.303933 0.157618 0.5564
0 0.903876 0.306021 0.184806 0.587545
0 0.896276 0.79245 0.171276 0.415099
0 0.0917318 0.800242 0.14747 0.399515
0 0.726401 0.780462 0.169088 0.439076
0 0.411401 0.775017 0.155044 0.445402
0 0.56528 0.753026 0.154043 0.475224
0 0.244622 0.80791 0.15896 0.38418
0 0.566208 0.281533 0.159464 0.527365
0 0.244221 0.36247 0.168148 0.571452
0 0.0861525 0.33768 0.156032 0.567519
0 0.0133636 0.773344 0.0267273 0.453311
0 0.011664 0.349768 0.0233072 0.542491
0 0.988232 0.54981 0.0235369 0.900379
