0 0.151494 0.585811 0.0661545 0.723905
0 0.428448 0.605819 0.0598221 0.745174
0 0.322486 0.606102 0.0634363 0.768822
0 0.376118 0.606363 0.0607111 0.749563
0 0.210264 0.590507 0.0656751 0.731989
0 0.480707 0.628666 0.0606809 0.71975
0 0.533449 0.639541 0.0594669 0.698538
0 0.267407 0.604511 0.0636528 0.762164
0 0.687411 0.65561 0.0580224 0.68878
0 0.0934845 0.569308 0.0654624 0.743025
0 0.636528 0.643639 0.0582863 0.674934
0 0.738645 0.655639 0.0588773 0.688722
0 0.0355477 0.563071 0.0666078 0.740238
0 0.585219 0.645074 0.0577528 0.685626
0 0.789528 0.653909 0.0590118 0.68726
0 0.889796 0.647602 0.0572321 0.677746
0 0.839814 0.656591 0.0588364 0.678467
0 0.939114 0.649847 0.054558 0.663718
0 0.978448 0.662335 0.0431034 0.673218
0 0.00574627 0.56332 0.0114615 0.758525
