0 0.413878 0.647471 0.145908 0.469405
0 0.697793 0.741589 0.144441 0.41252
0 0.703805 0.3446 0.14781 0.463004
0 0.55587 0.677668 0.142475 0.476176
0 0.847823 0.741099 0.150855 0.473723
0 0.9597 0.75901 0.0806009 0.481979
0 0.55804 0.273136 0.146964 0.404985
0 0.267583 0.237982 0.142872 0.43658
0 0.854631 0.351374 0.152149 0.379433
0 0.268351 0.639612 0.143473 0.425811
0 0.411639 0.250156 0.146479 0.400034
0 0.145305 0.361757 0.104421 0.409619
0 0.965568 0.373161 0.0683517 0.345496
0 0.0324402 0.54555 0.0540669 0.497178
