0 0.469401 0.513683 0.0415543 0.937679
0 0.80977 0.533749 0.0435967 0.895733
0 0.910675 0.543646 0.04165 0.898306
0 0.504716 0.521293 0.0376126 0.908639
0 0.300535 0.4901 0.0395866 0.951439
0 0.334245 0.526821 0.0370946 0.887924
0 0.367591 0.504023 0.037422 0.926909
0 0.778854 0.540156 0.0327019 0.857156
0 0.430613 0.517402 0.0441211 0.929417
0 0.70416 0.51736 0.0376781 0.895704
0 0.128556 0.509165 0.0348473 0.872602
0 0.538176 0.533433 0.0385981 0.870009
0 0.845064 0.535672 0.0392998 0.892068
0 0.672121 0.528521 0.0435388 0.915073
0 0.742103 0.549065 0.049402 0.879017
0 0.161634 0.502569 0.0410823 0.932579
0 0.572946 0.562605 0.0375885 0.806385
0 0.637644 0.541331 0.0403832 0.846968
0 0.0941749 0.508918 0.0407208 0.898033
0 0.040538 0.501326 0.0729618 0.94743
0 0.962081 0.534887 0.0757939 0.921217
0 0.606197 0.607717 0.0335163 0.750578
0 0.877134 0.543699 0.0344498 0.86242
0 0.0106987 0.515673 0.0213627 0.927336
0 0.19865 0.49707 0.056991 0.956974
0 0.0557117 0.507928 0.0458156 0.931158
0 0.950136 0.538333 0.0493301 0.923335
