0 0.579307 0.582578 0.158272 0.308141
0 0.0909282 0.586621 0.165905 0.300495
0 0.735465 0.595855 0.16479 0.318426
0 0.252703 0.590072 0.168541 0.300023
0 0.418801 0.615342 0.16987 0.304358
0 0.251027 0.852102 0.171462 0.295796
0 0.894684 0.608828 0.163077 0.299087
0 0.73136 0.857838 0.16896 0.284019
0 0.575918 0.845048 0.154189 0.294669
0 0.579424 0.267951 0.158548 0.391592
0 0.896202 0.860531 0.171376 0.278937
0 0.417966 0.866083 0.162534 0.267834
0 0.735777 0.273961 0.172075 0.407071
0 0.0879414 0.847901 0.167451 0.30207
0 0.258716 0.267101 0.173764 0.412654
0 0.422784 0.290165 0.172362 0.410836
0 0.0929857 0.252222 0.178875 0.445206
0 0.90318 0.279375 0.180576 0.427015
