0 0.862903 0.668116 0.195483 0.540142
0 0.687842 0.622307 0.152336 0.49612
0 0.869162 0.214064 0.184521 0.409445
0 0.535513 0.591919 0.15758 0.527007
0 0.247993 0.398718 0.0929041 0.595313
0 0.329358 0.423175 0.0739914 0.608569
0 0.109931 0.375198 0.0782658 0.553277
0 0.17432 0.391476 0.0564159 0.556475
0 0.409257 0.435001 0.091513 0.686654
0 0.69391 0.201428 0.136096 0.381367
0 0.979352 0.662197 0.0412828 0.634901
0 0.0468568 0.339427 0.0568555 0.57581
0 0.567187 0.176327 0.123143 0.340494
0 0.0123348 0.31983 0.0246695 0.597245
