0 0.892687 0.552375 0.0733936 0.885484
0 0.961166 0.553564 0.0745167 0.892873
0 0.423441 0.566045 0.0668953 0.826005
0 0.824275 0.549368 0.0716135 0.893192
0 0.358266 0.537393 0.0695947 0.885409
0 0.165939 0.520388 0.0671699 0.855959
0 0.229391 0.541867 0.0683797 0.847172
0 0.552183 0.585707 0.0690647 0.792948
0 0.100423 0.513002 0.0714251 0.843634
0 0.294027 0.552182 0.068216 0.852125
0 0.756121 0.551259 0.0744031 0.893229
0 0.487861 0.576453 0.0685516 0.833874
0 0.685131 0.554788 0.0720064 0.887673
0 0.0349326 0.505243 0.0691051 0.838205
0 0.618982 0.587857 0.0699633 0.802803
