0 0.84377 0.602925 0.0809105 0.73959
0 0.621249 0.567713 0.078301 0.741665
0 0.921695 0.608435 0.0841846 0.741327
0 0.176012 0.490071 0.0749525 0.697602
0 0.769117 0.597549 0.079155 0.723222
0 0.694789 0.578505 0.0796396 0.736318
0 0.405267 0.53171 0.0761536 0.732907
0 0.546814 0.556987 0.0788168 0.749537
0 0.036383 0.473833 0.0727416 0.712927
0 0.475981 0.528988 0.074518 0.730618
0 0.249177 0.496211 0.0826189 0.717051
0 0.1058 0.482766 0.0756556 0.719897
0 0.334285 0.520212 0.0774066 0.731932
0 0.977665 0.61637 0.044557 0.735966
