0 0.508006 0.709346 0.166978 0.549667
0 0.681492 0.251238 0.170774 0.476321
0 0.338553 0.255326 0.169128 0.494436
0 0.510889 0.23955 0.166632 0.470431
0 0.176105 0.699814 0.173148 0.53222
0 0.341492 0.717433 0.163951 0.524106
0 0.160157 0.236167 0.194018 0.472333
0 0.678853 0.701261 0.167012 0.502142
0 0.045282 0.715968 0.0905639 0.451934
0 0.0336757 0.272099 0.0673513 0.534502
0 0.873647 0.48363 0.220193 0.961423
0 0.876633 0.351254 0.210638 0.70118
0 0.984751 0.50627 0.0304978 0.962582
0 0.984608 0.375535 0.0301556 0.641529
