0 0.570478 0.760642 0.0903026 0.346738
0 0.363433 0.277541 0.132037 0.46503
0 0.354344 0.700172 0.128983 0.395871
0 0.665098 0.783555 0.110211 0.343512
0 0.076604 0.368946 0.15286 0.343703
0 0.472198 0.730182 0.118612 0.379901
0 0.821506 0.828109 0.103335 0.306198
0 0.24443 0.660649 0.100228 0.402136
0 0.862438 0.688759 0.274961 0.604788
0 0.0765598 0.67865 0.150362 0.322024
0 0.141104 0.506089 0.282207 0.932562
0 0.175974 0.635203 0.0509018 0.410331
0 0.750658 0.835486 0.0448898 0.271601
0 0.500529 0.345356 0.147324 0.428898
0 0.243579 0.276872 0.10679 0.417698
