0 0.528075 0.532878 0.0581069 0.820152
0 0.474091 0.536022 0.0594219 0.818618
0 0.821973 0.522195 0.0670963 0.842586
0 0.583005 0.52936 0.0594562 0.82628
0 0.202049 0.555302 0.0586745 0.789728
0 0.637387 0.530006 0.0606255 0.829512
0 0.310762 0.559846 0.0589573 0.78066
0 0.364475 0.56495 0.0585148 0.786418
0 0.256387 0.556498 0.0583786 0.785875
0 0.762183 0.524903 0.0630524 0.84061
0 0.149586 0.55847 0.05919 0.799295
0 0.879393 0.520418 0.0665107 0.84991
0 0.70291 0.528908 0.0631355 0.828913
0 0.937652 0.520875 0.0702648 0.85203
0 0.0965497 0.553885 0.0609128 0.795065
0 0.41883 0.564746 0.0583259 0.768494
0 0.0418131 0.551336 0.067045 0.807063
0 0.977969 0.523475 0.0440315 0.843476
0 0.0109955 0.560708 0.021991 0.842365
