0 0.114838 0.593777 0.0621095 0.7362
0 0.0551504 0.583597 0.06811 0.740133
0 0.758873 0.539278 0.064123 0.904269
0 0.549849 0.572672 0.059006 0.811444
0 0.602709 0.592485 0.0569809 0.780485
0 0.705731 0.542592 0.0606743 0.897721
0 0.33947 0.607017 0.0584002 0.762069
0 0.496025 0.591678 0.057321 0.767255
0 0.444495 0.607317 0.056493 0.736949
0 0.175222 0.594177 0.0681394 0.758937
0 0.810358 0.547763 0.0582105 0.890904
0 0.654004 0.549936 0.0555302 0.874546
0 0.861821 0.554234 0.0597303 0.868159
0 0.392029 0.608726 0.0592283 0.750043
0 0.910164 0.555156 0.0535316 0.855056
0 0.0101798 0.602481 0.0203595 0.741612
