0 0.43976 0.636841 0.0545631 0.586379
0 0.49171 0.62495 0.052236 0.584667
0 0.388753 0.648258 0.0547208 0.591022
0 0.181117 0.702195 0.0521037 0.572263
0 0.230754 0.702379 0.0545193 0.587872
0 0.283592 0.680016 0.0535315 0.576483
0 0.12784 0.7187 0.0572387 0.5626
0 0.852359 0.546337 0.152016 0.624837
0 0.701654 0.468917 0.0537783 0.790395
0 0.335881 0.65138 0.0556625 0.599117
0 0.599651 0.605372 0.0510175 0.577647
0 0.548228 0.617879 0.0584127 0.580149
0 0.751797 0.465822 0.0530853 0.809508
0 0.0736074 0.721371 0.0535044 0.546139
0 0.0243187 0.736888 0.0486375 0.517799
0 0.650433 0.482753 0.0554636 0.806034
0 0.651388 0.329035 0.0527783 0.491989
