0 0.813857 0.458895 0.127818 0.842512
0 0.930142 0.432643 0.130724 0.847137
0 0.700884 0.547595 0.112552 0.705168
0 0.621704 0.580365 0.064416 0.698375
0 0.409605 0.613824 0.0621447 0.645134
0 0.568326 0.590184 0.0624164 0.666239
0 0.35501 0.610379 0.0626436 0.656878
0 0.462576 0.607222 0.0626121 0.652122
0 0.515849 0.597121 0.0609972 0.658662
0 0.0878011 0.773164 0.0555387 0.427771
0 0.140011 0.770234 0.0564623 0.430626
0 0.0328847 0.794073 0.06496 0.411854
0 0.281777 0.623827 0.0494711 0.632732
0 0.18874 0.641222 0.0597899 0.634277
0 0.237168 0.618446 0.0537773 0.604418
0 0.011556 0.334245 0.0229601 0.594728
0 0.0624068 0.316853 0.122903 0.589803
0 0.217139 0.625969 0.115785 0.630861
