0 0.335651 0.484574 0.096292 0.897206
0 0.414835 0.481163 0.0979478 0.91934
0 0.257534 0.504229 0.0947719 0.942322
0 0.496609 0.515617 0.0995587 0.946011
0 0.179226 0.513805 0.0939125 0.931836
0 0.734098 0.53189 0.098344 0.922377
0 0.814486 0.552978 0.0921873 0.881908
0 0.893328 0.560037 0.0914608 0.874378
0 0.100507 0.516629 0.0944016 0.919098
0 0.576387 0.520047 0.0973004 0.945521
0 0.65397 0.518624 0.0961045 0.946065
0 0.0343546 0.522717 0.0687092 0.898108
0 0.963154 0.540102 0.0736918 0.919797
