0 0.11477 0.831751 0.155219 0.336497
0 0.272584 0.663249 0.156258 0.396075
0 0.297612 0.29113 0.149797 0.347903
0 0.918036 0.508879 0.163531 0.440276
0 0.154509 0.260975 0.141638 0.341137
0 0.0374715 0.530482 0.0749431 0.24251
0 0.143083 0.542472 0.127443 0.225158
0 0.269188 0.927948 0.151545 0.144104
0 0.0370483 0.251907 0.0740966 0.327373
0 0.021517 0.821843 0.0430339 0.356314
0 0.58528 0.468565 0.157775 0.435317
0 0.424486 0.946523 0.155203 0.106953
0 0.758522 0.519867 0.170778 0.446695
0 0.552671 0.793157 0.0981579 0.239841
0 0.917997 0.787378 0.149329 0.133276
0 0.424259 0.785573 0.157412 0.249987
0 0.426877 0.649448 0.15817 0.528795
0 0.758936 0.637862 0.170179 0.672715
0 0.425443 0.7295 0.157485 0.361106
