0 0.247032 0.48015 0.0698829 0.759121
0 0.721542 0.623506 0.0580912 0.659453
0 0.377429 0.524252 0.0679432 0.730719
0 0.181768 0.459197 0.0699156 0.765471
0 0.113752 0.43997 0.0734319 0.770594
0 0.31305 0.500465 0.0686951 0.746292
0 0.776624 0.6368 0.0608903 0.664265
0 0.55425 0.570471 0.0600353 0.675081
0 0.666036 0.60473 0.0597953 0.657918
0 0.609721 0.588132 0.0601164 0.669847
0 0.497607 0.546106 0.0616712 0.709952
0 0.438765 0.524213 0.0614897 0.73363
0 0.0456666 0.420537 0.0719646 0.791484
0 0.832048 0.646827 0.0593776 0.652528
0 0.884607 0.657789 0.0577153 0.646278
0 0.936125 0.675951 0.0555817 0.61835
0 0.979482 0.685778 0.0410352 0.606019
0 0.00672393 0.408246 0.0134479 0.783931
0 0.993423 0.683946 0.0126785 0.60075
