0 0.605333 0.699484 0.164522 0.599081
0 0.451348 0.249351 0.16493 0.498703
0 0.284848 0.702327 0.174104 0.595346
0 0.446212 0.70388 0.167567 0.592241
0 0.609403 0.247353 0.166958 0.494706
0 0.76394 0.69594 0.169422 0.582562
0 0.92251 0.692899 0.154873 0.614202
0 0.770572 0.247737 0.172904 0.495473
0 0.114708 0.719243 0.160077 0.551497
0 0.285734 0.252527 0.177743 0.505053
0 0.105757 0.281667 0.166454 0.540702
0 0.926001 0.252104 0.147999 0.504209
0 0.0204244 0.707387 0.0408487 0.528583
0 0.0144972 0.264962 0.0289945 0.490935
