0 0.163692 0.652096 0.158291 0.671509
0 0.606155 0.63562 0.157951 0.672184
0 0.0500408 0.655339 0.0999996 0.663725
0 0.754338 0.621361 0.159881 0.677586
0 0.457742 0.643896 0.159568 0.669173
0 0.749447 0.161566 0.167325 0.323132
0 0.593202 0.172035 0.158578 0.34407
0 0.44471 0.176388 0.156982 0.352776
0 0.140159 0.179422 0.152873 0.358844
0 0.292436 0.177994 0.161414 0.355988
0 0.0362821 0.179512 0.0725643 0.359024
0 0.906902 0.148727 0.146312 0.297454
0 0.30545 0.625984 0.153283 0.619746
0 0.900454 0.603495 0.152151 0.700273
0 0.95368 0.561545 0.0813858 0.743717
0 0.908627 0.475355 0.170439 0.95071
