0 0.0323727 0.627189 0.0647453 0.745622
0 0.688445 0.277536 0.136089 0.555071
0 0.115796 0.626057 0.107105 0.743771
0 0.221282 0.626239 0.109661 0.747271
0 0.688213 0.760561 0.143205 0.478878
0 0.833166 0.726511 0.13988 0.524885
0 0.934069 0.514409 0.0606404 0.905219
0 0.978524 0.496368 0.042952 0.920988
0 0.567713 0.64097 0.0921018 0.716288
0 0.501627 0.644603 0.0486151 0.705356
0 0.311524 0.652708 0.0657854 0.694584
0 0.362074 0.653219 0.0424001 0.693562
0 0.432782 0.643765 0.0903349 0.71247
0 0.456294 0.648743 0.0453016 0.702514
