0 0.911113 0.795339 0.148536 0.384398
0 0.765094 0.771327 0.149328 0.410022
0 0.194557 0.705845 0.140215 0.399712
0 0.622197 0.309287 0.144492 0.490765
0 0.334104 0.340637 0.144773 0.469189
0 0.912606 0.37083 0.150556 0.490953
0 0.195312 0.308518 0.140255 0.467872
0 0.477501 0.331158 0.144867 0.47568
0 0.335155 0.734127 0.139771 0.379507
0 0.620052 0.74188 0.143115 0.438517
0 0.765949 0.367566 0.150463 0.445085
0 0.0579555 0.680489 0.115911 0.38872
0 0.0623237 0.286533 0.124647 0.466424
0 0.475292 0.741508 0.14196 0.401105
0 0.992143 0.786887 0.0152244 0.387682
0 0.988908 0.795764 0.0212345 0.385079
