0 0.120641 0.668047 0.0755773 0.627426
0 0.808095 0.851474 0.162252 0.296928
0 0.200068 0.668478 0.0763713 0.625505
0 0.26874 0.579146 0.0697421 0.786424
0 0.456804 0.553491 0.0792129 0.857807
0 0.390281 0.708493 0.0643469 0.541981
0 0.0493857 0.667836 0.0786941 0.633844
0 0.332975 0.561969 0.064257 0.828476
0 0.614658 0.691102 0.230486 0.560225
0 0.792747 0.599306 0.12907 0.251939
0 0.614089 0.806212 0.231153 0.335532
0 0.616145 0.529007 0.214992 0.261825
0 0.0129677 0.661352 0.0259354 0.677296
0 0.612079 0.28503 0.206742 0.266893
0 0.452385 0.702511 0.0657719 0.559914
0 0.936747 0.649968 0.122054 0.700063
0 0.0108367 0.769122 0.0216343 0.461756
