0 0.768057 0.580806 0.0753758 0.678085
0 0.699648 0.556757 0.0725174 0.663963
0 0.910919 0.638734 0.0795147 0.67058
0 0.573975 0.514325 0.0657603 0.637723
0 0.635125 0.522474 0.069907 0.679727
0 0.299899 0.435533 0.0527255 0.540338
0 0.348367 0.451116 0.0521837 0.557894
0 0.838176 0.610791 0.0766613 0.676251
0 0.972518 0.663025 0.0549635 0.663052
0 0.515508 0.50631 0.0636851 0.610457
0 0.200898 0.410509 0.0532168 0.525392
0 0.249913 0.423902 0.0548974 0.531065
0 0.155698 0.396792 0.0483511 0.511873
0 0.112265 0.379181 0.05062 0.503523
0 0.401531 0.460207 0.0589272 0.592325
0 0.0681584 0.366085 0.0495684 0.501626
0 0.0263063 0.34854 0.0485268 0.505766
0 0.451346 0.460021 0.053496 0.659968
0 0.0048084 0.329994 0.00961679 0.523014
