0 0.172978 0.614465 0.0788651 0.722853
0 0.24365 0.622861 0.0658951 0.710038
0 0.296864 0.621457 0.053186 0.710479
0 0.521886 0.582012 0.0509722 0.716991
0 0.341806 0.61101 0.0501381 0.708912
0 0.476239 0.589897 0.0479303 0.712767
0 0.387067 0.601301 0.0495279 0.707647
0 0.567991 0.567142 0.0479072 0.708738
0 0.946945 0.603854 0.051079 0.539507
0 0.432649 0.597681 0.0501297 0.709181
0 0.0301636 0.629754 0.060144 0.687185
0 0.117024 0.608206 0.0544618 0.675883
0 0.7038 0.654045 0.0496074 0.525906
0 0.0740443 0.615643 0.0555643 0.673319
0 0.899872 0.628337 0.0499555 0.533865
0 0.613078 0.553467 0.050829 0.665051
0 0.843353 0.638198 0.0557334 0.538911
0 0.657364 0.555898 0.0479466 0.724396
0 0.984157 0.583373 0.0316866 0.519336
0 0.750987 0.657257 0.0502656 0.538599
0 0.795254 0.645246 0.0512309 0.545582
0 0.772994 0.647925 0.0945694 0.546926
