0 0.900823 0.46335 0.187768 0.38488
0 0.560203 0.690342 0.159683 0.241675
0 0.404736 0.832439 0.143065 0.23171
0 0.252771 0.790586 0.156607 0.309876
0 0.723951 0.633829 0.16762 0.405989
0 0.895505 0.74644 0.173791 0.199725
0 0.403257 0.540944 0.151456 0.390896
0 0.0930634 0.684512 0.155492 0.228897
0 0.257784 0.53578 0.144341 0.208596
0 0.558116 0.881996 0.158028 0.165232
0 0.564476 0.369899 0.164068 0.409389
0 0.0963757 0.865088 0.15107 0.147852
0 0.715665 0.901163 0.155938 0.148602
0 0.0892065 0.399602 0.169273 0.365645
0 0.249611 0.26347 0.157709 0.348049
0 0.884535 0.914132 0.173973 0.15902
0 0.00843716 0.758943 0.0167778 0.346535
0 0.00686868 0.727778 0.0136042 0.318242
