0 0.614932 0.677363 0.0901949 0.595952
0 0.538761 0.683692 0.0887039 0.586757
0 0.694105 0.675906 0.0906588 0.597519
0 0.462594 0.670203 0.0890256 0.581083
0 0.856622 0.674934 0.0933399 0.600031
0 0.308182 0.67319 0.0922711 0.593269
0 0.937374 0.671888 0.0930653 0.604527
0 0.0702448 0.671747 0.0916884 0.593192
0 0.386673 0.674055 0.0890789 0.590589
0 0.230113 0.673244 0.0903857 0.594712
0 0.150846 0.675363 0.0930726 0.600137
0 0.774041 0.674979 0.0905418 0.59861
0 0.985626 0.656637 0.0287472 0.625859
0 0.0173624 0.666095 0.0347248 0.607011
