0 0.734519 0.624828 0.160642 0.321828
0 0.731989 0.882954 0.159921 0.210206
0 0.257316 0.628852 0.153265 0.198314
0 0.411257 0.653755 0.156171 0.205009
0 0.898274 0.717033 0.166922 0.195763
0 0.906567 0.462994 0.179808 0.344352
0 0.893571 0.902157 0.165604 0.189897
0 0.414837 0.842273 0.153523 0.18642
0 0.261678 0.814638 0.152194 0.189527
0 0.571993 0.870364 0.156525 0.177149
0 0.249958 0.371833 0.156975 0.331841
0 0.572615 0.621265 0.161624 0.339084
0 0.410581 0.379157 0.17049 0.360441
0 0.100126 0.801338 0.169639 0.18336
0 0.0897922 0.498658 0.179584 0.601536
0 0.988561 0.911504 0.0227193 0.176991
0 0.0903518 0.573379 0.169023 0.307242
0 0.73669 0.295179 0.161761 0.341596
0 0.0135819 0.692483 0.0271638 0.359204
0 0.990204 0.675855 0.0194992 0.290479
