0 0.914317 0.501773 0.170637 0.630241
0 0.137413 0.632996 0.0926896 0.721669
0 0.725012 0.708127 0.211045 0.532526
0 0.212962 0.62846 0.0898521 0.725359
0 0.295196 0.650673 0.0829119 0.674686
0 0.056004 0.590377 0.0921318 0.780949
0 0.367988 0.645511 0.0727288 0.674954
0 0.518661 0.887634 0.202561 0.186043
0 0.913879 0.875684 0.168068 0.181414
0 0.514087 0.655426 0.21125 0.303748
0 0.514127 0.504472 0.212444 0.615019
0 0.0165155 0.601166 0.0330311 0.795658
0 0.010833 0.564379 0.0214692 0.871241
0 0.51107 0.368749 0.209189 0.334244
