0 0.475674 0.637491 0.0541097 0.639304
0 0.431844 0.645298 0.0535932 0.643423
0 0.297226 0.657871 0.0550617 0.651619
0 0.253443 0.669199 0.0569839 0.651835
0 0.387875 0.649003 0.0547455 0.653462
0 0.520313 0.624414 0.0529383 0.639645
0 0.34166 0.650146 0.0586487 0.653856
0 0.610823 0.616765 0.0529305 0.638053
0 0.206652 0.67203 0.063759 0.655941
0 0.565032 0.62021 0.0555542 0.638706
0 0.92256 0.555205 0.0542116 0.662149
0 0.969285 0.561052 0.0593593 0.645993
0 0.873413 0.562347 0.0589043 0.648859
0 0.656794 0.607377 0.0550436 0.645574
0 0.134494 0.651838 0.0963976 0.678444
0 0.699608 0.590046 0.0475777 0.648377
0 0.737197 0.525839 0.0453342 0.518029
0 0.740283 0.582282 0.0546426 0.665502
0 0.788558 0.562551 0.0599233 0.6924
0 0.0563761 0.661665 0.109524 0.67667
0 0.811143 0.444683 0.0591623 0.566209
0 0.803415 0.526075 0.0674646 0.694094
0 0.610783 0.161226 0.0447081 0.320986
0 0.132972 0.5 0.265264 1
0 0.994248 0.584237 0.0115044 0.678856
