0 0.121503 0.633574 0.0791935 0.608585
0 0.561847 0.491004 0.0862594 0.647954
0 0.641853 0.472253 0.0864516 0.64645
0 0.717123 0.446751 0.0838294 0.643176
0 0.192672 0.612714 0.0800721 0.599567
0 0.790602 0.424034 0.081733 0.634241
0 0.478186 0.529353 0.082229 0.607759
0 0.863414 0.423343 0.0822025 0.611044
0 0.334245 0.568314 0.0801386 0.597092
0 0.0498077 0.646843 0.0808617 0.598305
0 0.40589 0.552375 0.0801445 0.606166
0 0.263014 0.593775 0.0800663 0.609002
0 0.93591 0.403964 0.0817221 0.597917
0 0.984127 0.372214 0.0317463 0.611704
