0 0.883832 0.52079 0.069321 0.795318
0 0.534659 0.638023 0.0615118 0.636443
0 0.377907 0.736025 0.0569076 0.498241
0 0.210976 0.605523 0.06745 0.747516
0 0.822517 0.528325 0.0612976 0.797339
0 0.432185 0.719737 0.0583416 0.512069
0 0.587381 0.631701 0.0583026 0.636995
0 0.483657 0.684874 0.0559231 0.567309
0 0.153509 0.598948 0.0652273 0.714782
0 0.941313 0.538238 0.066218 0.744532
0 0.0959655 0.607638 0.0684818 0.722817
0 0.324706 0.741295 0.0575499 0.493598
0 0.766154 0.542582 0.0698214 0.786879
0 0.677397 0.459723 0.0441908 0.491415
0 0.034295 0.616318 0.0562169 0.712503
0 0.981347 0.536582 0.0372515 0.728216
0 0.268684 0.599053 0.0649513 0.781075
0 0.269941 0.735395 0.0601102 0.510912
0 0.720225 0.475916 0.0538872 0.615355
0 0.0134303 0.621325 0.0268606 0.715863
0 0.00895038 0.597953 0.0179008 0.691049
0 0.0634033 0.616645 0.0445873 0.722611
0 0.00672297 0.546482 0.0133193 0.573671
0 0.718141 0.49755 0.046995 0.479387
0 0.073062 0.589169 0.0376576 0.72243
