0 0.657633 0.665188 0.0624234 0.603996
0 0.287743 0.672412 0.0629452 0.597012
0 0.18095 0.671465 0.061556 0.596379
0 0.497708 0.659158 0.0609323 0.597714
0 0.126363 0.669906 0.0648653 0.592139
0 0.606099 0.653817 0.0601136 0.59928
0 0.551783 0.658875 0.0637914 0.601931
0 0.710171 0.671063 0.0627348 0.615603
0 0.233939 0.668822 0.0629532 0.590486
0 0.0698165 0.670062 0.0681865 0.60587
0 0.444986 0.657911 0.060546 0.600269
0 0.391876 0.657353 0.0619053 0.578637
0 0.339837 0.654904 0.059556 0.58394
0 0.870355 0.583227 0.0622475 0.791206
0 0.817371 0.577788 0.0634987 0.788019
0 0.925235 0.56591 0.0646835 0.813674
0 0.763572 0.574773 0.0646839 0.806161
0 0.972644 0.61448 0.0546509 0.721264
0 0.0261337 0.715654 0.0522675 0.568136
