0 0.343806 0.66916 0.0714697 0.614394
0 0.468749 0.633487 0.0642664 0.639341
0 0.408262 0.634917 0.0647097 0.658794
0 0.532032 0.588449 0.0707971 0.714784
0 0.200279 0.535084 0.0813189 0.893644
0 0.125167 0.541409 0.0837433 0.892666
0 0.274836 0.680147 0.0737805 0.597324
0 0.0521335 0.544248 0.0727354 0.898238
0 0.657391 0.514308 0.0725206 0.830517
0 0.722991 0.515113 0.0694448 0.810193
0 0.595466 0.577965 0.0652387 0.717813
0 0.787148 0.529491 0.0690579 0.756421
0 0.850632 0.546836 0.0666752 0.716876
0 0.972475 0.457759 0.055024 0.864025
0 0.914373 0.497442 0.0687538 0.790632
0 0.0120392 0.551999 0.0240784 0.896001
0 0.010186 0.447069 0.0202385 0.711146
