0 0.0993317 0.682258 0.0683716 0.629648
0 0.157902 0.667077 0.0685061 0.627452
0 0.380722 0.644067 0.0654509 0.635514
0 0.0397306 0.686899 0.0691412 0.616668
0 0.434858 0.651677 0.0629229 0.603244
0 0.32554 0.655461 0.0632834 0.631622
0 0.271075 0.654414 0.0649443 0.627359
0 0.215308 0.653063 0.0656434 0.643833
0 0.590004 0.598766 0.0636165 0.66289
0 0.64146 0.605665 0.0601631 0.634863
0 0.487737 0.637369 0.0607147 0.612483
0 0.691523 0.595376 0.0590779 0.63062
0 0.538658 0.589852 0.0602205 0.687392
0 0.740986 0.597401 0.0592131 0.608915
0 0.892769 0.50859 0.0615754 0.776397
0 0.84148 0.502717 0.0611077 0.790044
0 0.790696 0.516881 0.0603138 0.769268
0 0.943388 0.517424 0.0618393 0.76203
0 0.00957451 0.696278 0.019149 0.607444
0 0.981305 0.599895 0.0373894 0.620301
0 0.980925 0.68718 0.0376764 0.402053
