0 0.256578 0.557034 0.0601725 0.696963
0 0.425605 0.58907 0.0620184 0.67057
0 0.36916 0.584594 0.0609648 0.6736
0 0.874325 0.635527 0.0615729 0.698155
0 0.652481 0.627195 0.0592813 0.666549
0 0.818695 0.623145 0.0605042 0.701006
0 0.3123 0.567787 0.0614708 0.680946
0 0.598251 0.618101 0.0573023 0.65488
0 0.764749 0.637065 0.0567417 0.657569
0 0.485779 0.604592 0.0624277 0.662622
0 0.709253 0.633343 0.061254 0.662838
0 0.929708 0.635241 0.0585351 0.69254
0 0.200589 0.546061 0.0610819 0.687735
0 0.0847873 0.525057 0.0597855 0.663107
0 0.541686 0.609511 0.0579625 0.65075
0 0.977541 0.644029 0.0449182 0.700775
0 0.0300409 0.517076 0.0600818 0.683791
