0 0.296355 0.702864 0.0422075 0.393085
0 0.961362 0.31067 0.0770558 0.589027
0 0.901009 0.344285 0.0745486 0.567783
0 0.406125 0.643433 0.047733 0.430001
0 0.23269 0.730986 0.0433353 0.366672
0 0.329157 0.68354 0.042514 0.405534
0 0.841074 0.375844 0.0738307 0.559582
0 0.670948 0.477783 0.0620007 0.508873
0 0.781015 0.4129 0.0728758 0.536592
0 0.723432 0.451632 0.0666494 0.52576
0 0.366541 0.663489 0.0521046 0.41645
0 0.486788 0.569156 0.0524073 0.429526
0 0.528954 0.556829 0.0549401 0.4609
0 0.264984 0.722719 0.0409076 0.378573
0 0.19968 0.74594 0.0389824 0.355149
0 0.621197 0.501564 0.0595495 0.47445
0 0.574237 0.523344 0.0585628 0.459571
0 0.445176 0.620819 0.0519792 0.438335
0 0.170504 0.760838 0.0357436 0.328207
0 0.110374 0.787739 0.0465122 0.333654
0 0.0859265 0.797702 0.0336243 0.327834
0 0.0364974 0.824801 0.0465637 0.327153
0 0.058139 0.818377 0.038705 0.319424
0 0.142002 0.767027 0.0344472 0.329906
0 0.0103433 0.839145 0.0206536 0.309364
0 0.030421 0.826543 0.0334072 0.311999
0 0.993077 0.30047 0.0134403 0.573617
