0 0.742587 0.456323 0.155401 0.486844
0 0.743668 0.827167 0.147989 0.286884
0 0.267272 0.610948 0.0612433 0.705556
0 0.323458 0.616106 0.0579609 0.68066
0 0.38132 0.561744 0.0620204 0.79223
0 0.153258 0.571975 0.0637177 0.784236
0 0.211183 0.562794 0.0623656 0.799448
0 0.0318124 0.619066 0.0627008 0.697505
0 0.0882718 0.590513 0.0664556 0.743654
0 0.435774 0.551646 0.0572094 0.797622
0 0.570756 0.85142 0.192783 0.235856
0 0.91389 0.67569 0.166378 0.60862
0 0.568285 0.487582 0.200709 0.523741
0 0.567925 0.615263 0.199786 0.274828
0 0.912441 0.518494 0.175119 0.90615
0 0.992366 0.675235 0.0150142 0.6049
