0 0.696962 0.598275 0.0652569 0.69962
0 0.643465 0.577842 0.0651277 0.720625
0 0.373909 0.543998 0.0623872 0.709059
0 0.817088 0.614248 0.0705196 0.702679
0 0.484247 0.526332 0.0663561 0.776934
0 0.0424834 0.477651 0.0688064 0.760978
0 0.590812 0.563838 0.0654403 0.723971
0 0.75139 0.603945 0.0672259 0.70172
0 0.537707 0.549546 0.0651735 0.750642
0 0.875916 0.626236 0.070486 0.682461
0 0.428724 0.531039 0.0683682 0.753131
0 0.108299 0.465248 0.0869739 0.816828
0 0.324707 0.55986 0.0601489 0.667195
0 0.943752 0.686115 0.084496 0.604835
0 0.185695 0.239185 0.0489082 0.419997
0 0.227409 0.24072 0.0489878 0.391197
0 0.00735766 0.500285 0.0146601 0.703417
