0 0.154696 0.531059 0.0591853 0.701663
0 0.210268 0.532989 0.0602031 0.703272
0 0.479258 0.576637 0.0573052 0.700121
0 0.0999816 0.519502 0.0600718 0.706318
0 0.532994 0.58662 0.0585962 0.699956
0 0.85606 0.646715 0.0583507 0.675311
0 0.801232 0.639743 0.0605222 0.683065
0 0.426069 0.566343 0.0577638 0.708118
0 0.586235 0.594055 0.0582819 0.706293
0 0.747218 0.625642 0.0585411 0.683144
0 0.265129 0.536532 0.0580353 0.730394
0 0.639545 0.600447 0.0581639 0.701814
0 0.693343 0.612094 0.0579042 0.690621
0 0.0447405 0.512155 0.0596051 0.717736
0 0.911366 0.699679 0.0601452 0.575692
0 0.326779 0.529636 0.0717103 0.746474
0 0.965467 0.735188 0.0546598 0.528954
0 0.993975 0.732351 0.0115715 0.535298
