0 0.417986 0.75069 0.0899275 0.427011
0 0.413201 0.293022 0.0977983 0.493893
0 0.320685 0.280963 0.0957305 0.483557
0 0.158858 0.266116 0.237251 0.508191
0 0.767446 0.541268 0.0983561 0.892458
0 0.680192 0.537177 0.0972081 0.890565
0 0.332216 0.743867 0.0907439 0.437896
0 0.148735 0.729316 0.283771 0.464879
0 0.592673 0.539816 0.092968 0.871646
0 0.85417 0.550914 0.0990684 0.881789
0 0.940578 0.551567 0.102782 0.884808
0 0.506428 0.516101 0.092267 0.907094
0 0.989564 0.556301 0.0208719 0.886822
0 0.0138945 0.726109 0.0277422 0.433005
0 0.0140147 0.482112 0.0279364 0.916173
0 0.991229 0.623538 0.0172528 0.752924
0 0.0115202 0.33785 0.0230404 0.659996
