0 0.562445 0.588659 0.0738396 0.598331
0 0.492662 0.601058 0.0720636 0.598136
0 0.202701 0.656144 0.0802684 0.590514
0 0.125388 0.64024 0.0854058 0.661748
0 0.632083 0.57777 0.0746304 0.59943
0 0.767056 0.548656 0.0721445 0.600706
0 0.833406 0.549601 0.0732979 0.588317
0 0.699628 0.55984 0.074394 0.613737
0 0.426397 0.605854 0.0683369 0.588126
0 0.0507709 0.715505 0.0769817 0.546168
0 0.273394 0.636706 0.0663416 0.587502
0 0.91922 0.537688 0.11161 0.588862
0 0.363243 0.506393 0.0578238 0.394754
