0 0.436665 0.387283 0.231288 0.392937
0 0.659339 0.390244 0.232919 0.39942
0 0.881604 0.443694 0.232375 0.376574
0 0.441906 0.672947 0.219533 0.226187
0 0.660404 0.684375 0.220066 0.235213
0 0.662765 0.883256 0.212107 0.212962
0 0.224304 0.674066 0.224387 0.220444
0 0.215789 0.401379 0.232851 0.372606
0 0.44868 0.865204 0.217636 0.214091
0 0.0572844 0.648438 0.114569 0.214056
0 0.0645432 0.839614 0.129031 0.204746
0 0.233462 0.859621 0.220249 0.201863
0 0.875333 0.888448 0.221163 0.219139
0 0.881569 0.70397 0.226962 0.199875
0 0.0557331 0.382441 0.111466 0.361591
