0 0.698411 0.51368 0.0574318 0.891919
0 0.808968 0.515511 0.058266 0.902444
0 0.753205 0.51309 0.0593783 0.88783
0 0.423325 0.512646 0.0572851 0.865201
0 0.861513 0.523933 0.0556096 0.891611
0 0.4779 0.513616 0.0583175 0.867347
0 0.533233 0.507784 0.0567062 0.87447
0 0.315108 0.521853 0.0585305 0.875744
0 0.914919 0.524813 0.0586204 0.884784
0 0.369612 0.529617 0.0579795 0.86968
0 0.645282 0.50507 0.0570942 0.873314
0 0.589147 0.509684 0.0583571 0.857402
0 0.96727 0.519862 0.0626091 0.891725
0 0.0322492 0.503405 0.0629221 0.902727
0 0.0882021 0.498791 0.055833 0.836363
0 0.204085 0.50272 0.176679 0.884056
0 0.00409631 0.532856 0.00819262 0.886942
0 0.994461 0.48965 0.0110772 0.948881
