0 0.0426785 0.668865 0.0842578 0.625965
0 0.199556 0.60726 0.0819113 0.599426
0 0.121912 0.641393 0.0867154 0.613019
0 0.584754 0.465037 0.0628477 0.518844
0 0.528421 0.487464 0.0647359 0.521636
0 0.34508 0.556257 0.0723113 0.573452
0 0.274098 0.577521 0.0793518 0.600004
0 0.467792 0.506364 0.0688465 0.544567
0 0.63891 0.446303 0.057921 0.503476
0 0.736879 0.410013 0.0554851 0.480192
0 0.784561 0.394348 0.0540869 0.469004
0 0.688768 0.426463 0.0557773 0.485476
0 0.830875 0.379456 0.0524677 0.451542
0 0.874756 0.36531 0.0495651 0.43718
0 0.962574 0.376735 0.0464867 0.328317
0 0.919693 0.366961 0.0512089 0.385253
0 0.989521 0.374527 0.0209587 0.312399
