0 0.804393 0.742968 0.255647 0.514065
0 0.494049 0.759324 0.0849592 0.400993
0 0.124341 0.332784 0.231625 0.503137
0 0.419151 0.75018 0.0816424 0.399692
0 0.139221 0.735035 0.210812 0.387464
0 0.312452 0.298814 0.155189 0.507219
0 0.570745 0.767869 0.0833758 0.398395
0 0.426307 0.30466 0.0873773 0.512772
0 0.645476 0.773715 0.0853703 0.403659
0 0.503937 0.309515 0.0903081 0.51508
0 0.624571 0.313956 0.17773 0.53922
0 0.311189 0.737348 0.148792 0.395718
0 0.0206688 0.678997 0.0413376 0.434941
0 0.849217 0.309743 0.30153 0.617466
0 0.823552 0.273037 0.246655 0.506616
0 0.346318 0.740168 0.0804727 0.392742
0 0.276119 0.740534 0.0785918 0.376687
0 0.659884 0.318111 0.105569 0.527709
