0 0.600248 0.49515 0.156255 0.468442
0 0.102887 0.684696 0.151926 0.264766
0 0.0953331 0.353768 0.184896 0.431051
0 0.26084 0.578901 0.16665 0.450236
0 0.911216 0.574612 0.147942 0.289062
0 0.603464 0.83328 0.158139 0.229681
0 0.907229 0.228162 0.166079 0.430254
0 0.425963 0.580301 0.170876 0.46407
0 0.758704 0.60121 0.156605 0.252779
0 0.758281 0.823945 0.149143 0.216444
0 0.908498 0.805365 0.14041 0.211734
0 0.748605 0.266896 0.1585 0.431705
0 0.109304 0.899763 0.137309 0.188686
0 0.270506 0.887636 0.158733 0.194151
0 0.433767 0.875146 0.162811 0.190314
0 0.0152684 0.786517 0.0304505 0.407411
0 0.446273 0.1874 0.169877 0.349879
0 0.991429 0.671344 0.016745 0.508403
