0 0.535803 0.567952 0.170442 0.813243
0 0.394264 0.559571 0.169895 0.817894
0 0.8221 0.405348 0.169492 0.552326
0 0.253611 0.542439 0.166856 0.799292
0 0.118452 0.517374 0.176951 0.795937
0 0.677781 0.418277 0.162632 0.535038
0 0.810951 0.781069 0.153443 0.30902
0 0.675563 0.552159 0.174492 0.809688
0 0.251918 0.416385 0.159449 0.54591
0 0.822311 0.529276 0.173823 0.791133
0 0.670344 0.802224 0.150105 0.310036
0 0.259442 0.789502 0.145937 0.305442
0 0.113434 0.382011 0.163502 0.550856
0 0.394218 0.806773 0.148252 0.31584
