0 0.47196 0.490011 0.0824784 0.980022
0 0.548057 0.492162 0.0831647 0.984324
0 0.392853 0.491076 0.0902092 0.982152
0 0.700153 0.566552 0.231173 0.866897
0 0.903601 0.527227 0.192665 0.945546
0 0.060945 0.476247 0.0987922 0.952494
0 0.141478 0.479123 0.0961452 0.958246
0 0.309747 0.482856 0.0740482 0.965712
0 0.015647 0.477254 0.0312939 0.954508
0 0.097604 0.490592 0.187572 0.981184
0 0.236106 0.484958 0.0875798 0.969916
0 0.0104164 0.467409 0.0208328 0.929232
0 0.26544 0.492846 0.161591 0.985692
