0 0.546478 0.548753 0.0572731 0.642852
0 0.153051 0.438953 0.0588481 0.635754
0 0.600512 0.567699 0.0561789 0.635811
0 0.436301 0.525074 0.0582996 0.648217
0 0.491777 0.540163 0.0577602 0.648551
0 0.0960717 0.431451 0.0593231 0.626131
0 0.327454 0.494739 0.055734 0.641818
0 0.885232 0.547738 0.0631386 0.780249
0 0.381673 0.507845 0.0589364 0.642766
0 0.65453 0.583074 0.0580305 0.634354
0 0.713209 0.49743 0.0614313 0.825011
0 0.213989 0.464854 0.0633908 0.610417
0 0.826516 0.529697 0.0530024 0.805849
0 0.0404635 0.412457 0.0605816 0.617332
0 0.772468 0.513675 0.0580714 0.813972
0 0.27223 0.491703 0.0585709 0.606542
0 0.935399 0.556815 0.0436527 0.782437
0 0.00634956 0.388346 0.0126224 0.679492
0 0.960764 0.553102 0.0272882 0.781243
