0 0.698004 0.671354 0.0724472 0.585062
0 0.416263 0.660815 0.0736662 0.582581
0 0.842734 0.675139 0.0754003 0.5832
0 0.627945 0.670524 0.0724273 0.584962
0 0.915703 0.680608 0.0747203 0.578504
0 0.557588 0.66379 0.0700194 0.577704
0 0.345702 0.662193 0.0721619 0.582689
0 0.273439 0.663778 0.0747209 0.570095
0 0.769318 0.671464 0.0723923 0.579624
0 0.486429 0.658974 0.0720941 0.580464
0 0.1308 0.597543 0.0739166 0.670708
0 0.0612326 0.513225 0.073237 0.583748
0 0.975375 0.685054 0.0491611 0.573719
0 0.201571 0.641581 0.0745084 0.57563
0 0.0140097 0.508492 0.0280194 0.580862
