0 0.770046 0.547378 0.070942 0.876847
0 0.455614 0.549732 0.07446 0.881136
0 0.906867 0.552781 0.0726155 0.878878
0 0.83911 0.552758 0.0710327 0.880228
0 0.114557 0.544923 0.0712352 0.860793
0 0.182125 0.547137 0.0710682 0.873173
0 0.31777 0.541338 0.0693247 0.864985
0 0.387082 0.549713 0.0712668 0.867735
0 0.250011 0.560791 0.0674271 0.832176
0 0.0466446 0.5431 0.0709313 0.873242
0 0.670203 0.544239 0.0729637 0.870115
0 0.973964 0.498211 0.0512463 0.986149
0 0.00653056 0.506313 0.0127696 0.907708
