0 0.83137 0.780435 0.164726 0.42378
0 0.663133 0.787047 0.173302 0.421436
0 0.835113 0.360726 0.167527 0.444275
0 0.427161 0.377188 0.0605431 0.42462
0 0.368761 0.372197 0.0611339 0.425286
0 0.277451 0.366328 0.125566 0.456653
0 0.66374 0.356683 0.173347 0.459042
0 0.276671 0.79213 0.126982 0.404395
0 0.956547 0.779451 0.0869057 0.412329
0 0.486506 0.386135 0.0565113 0.408924
0 0.180991 0.67514 0.0670615 0.62112
0 0.959755 0.361657 0.0804903 0.445289
0 0.368196 0.784953 0.0587056 0.397781
0 0.542633 0.394663 0.0595221 0.394912
0 0.486814 0.792462 0.0584731 0.391081
0 0.425968 0.785956 0.0603228 0.389507
0 0.543152 0.7914 0.0571655 0.381606
0 0.38327 0.786156 0.0902251 0.395734
0 0.514451 0.789226 0.112939 0.393955
0 0.111749 0.678617 0.0720764 0.61966
0 0.0770239 0.591444 0.154048 0.785476
0 0.101961 0.644679 0.201963 0.70067
0 0.150807 0.672713 0.127222 0.624615
0 0.0820436 0.674831 0.12892 0.62798
