0 0.157852 0.662984 0.0603306 0.644451
0 0.100706 0.660096 0.0595684 0.65147
0 0.378834 0.673804 0.0564346 0.609527
0 0.269083 0.66533 0.0600614 0.629754
0 0.323937 0.66665 0.0594931 0.6209
0 0.485359 0.629151 0.0565901 0.69569
0 0.431482 0.677411 0.0561378 0.606516
0 0.2135 0.662835 0.0600215 0.641715
0 0.537724 0.646347 0.0553835 0.652795
0 0.902259 0.543721 0.0586868 0.847926
0 0.643801 0.657448 0.0589361 0.633951
0 0.0450753 0.670446 0.059284 0.643162
0 0.589516 0.64817 0.0561188 0.645224
0 0.746885 0.662348 0.0552608 0.626334
0 0.847438 0.54699 0.0565645 0.838225
0 0.695176 0.662203 0.0556406 0.622474
0 0.952944 0.516456 0.0540064 0.884435
0 0.797211 0.537733 0.0541562 0.86739
0 0.00856311 0.686213 0.0171262 0.610619
0 0.986196 0.504345 0.02738 0.933943
