0 0.748174 0.411123 0.16596 0.369546
0 0.912844 0.37641 0.166331 0.392114
0 0.908951 0.677539 0.162708 0.229641
0 0.421093 0.567776 0.158011 0.365314
0 0.587561 0.353681 0.160653 0.386144
0 0.58232 0.648751 0.157381 0.251065
0 0.271772 0.7666 0.154664 0.38382
0 0.739965 0.677128 0.154314 0.202741
0 0.732912 0.878366 0.151365 0.225807
0 0.578963 0.870281 0.152581 0.222214
0 0.425787 0.853074 0.151774 0.239775
0 0.110985 0.65374 0.15638 0.195769
0 0.0942362 0.380312 0.173106 0.372488
0 0.115318 0.84766 0.14654 0.21134
0 0.892343 0.88766 0.158035 0.217786
0 0.0194079 0.829345 0.0386353 0.210895
0 0.0128046 0.649778 0.0256092 0.208143
0 0.276505 0.224448 0.14208 0.300303
0 0.992606 0.690398 0.0145686 0.264848
