0 0.893887 0.643575 0.188394 0.230958
0 0.695388 0.845785 0.180095 0.178964
0 0.508435 0.671069 0.195818 0.252212
0 0.708342 0.644532 0.186307 0.247774
0 0.312066 0.68659 0.197284 0.257543
0 0.695949 0.376776 0.191087 0.306874
0 0.31841 0.886661 0.192807 0.174322
0 0.313707 0.414332 0.198313 0.30119
0 0.508533 0.391632 0.190556 0.318525
0 0.876601 0.827191 0.179082 0.163601
0 0.509926 0.868834 0.190448 0.17648
0 0.885813 0.400661 0.192942 0.275499
0 0.111718 0.669217 0.209707 0.583382
0 0.0331982 0.471332 0.0663963 0.227383
0 0.982808 0.811574 0.0328528 0.144014
0 0.139341 0.450708 0.154533 0.225068
