0 0.504605 0.316076 0.126036 0.357436
0 0.377153 0.34819 0.133237 0.357573
0 0.624559 0.541776 0.109745 0.257092
0 0.835528 0.437568 0.101366 0.235013
0 0.121963 0.597434 0.0625844 0.612598
0 0.379539 0.64971 0.132063 0.276345
0 0.229601 0.557686 0.0522249 0.575993
0 0.732617 0.214753 0.10433 0.295088
0 0.625425 0.259973 0.115089 0.328818
0 0.0545331 0.630137 0.0776596 0.674122
0 0.733381 0.471026 0.102447 0.253969
0 0.50665 0.603925 0.123453 0.25576
0 0.282381 0.568215 0.0595628 0.520556
0 0.178835 0.563573 0.0614236 0.607263
0 0.836362 0.178543 0.10248 0.303901
0 0.942049 0.154641 0.108431 0.292768
0 0.940378 0.389485 0.10566 0.218457
0 0.0131833 0.647398 0.0263666 0.629784
