0 0.608092 0.529248 0.044887 0.904664
0 0.781211 0.510512 0.0451098 0.93356
0 0.436057 0.604868 0.0441654 0.748199
0 0.522929 0.531234 0.0480196 0.890335
0 0.56624 0.531859 0.0494195 0.89339
0 0.739224 0.508249 0.0506899 0.930726
0 0.478018 0.598441 0.0469328 0.755466
0 0.109212 0.50497 0.0571819 0.938692
0 0.0651393 0.508202 0.0613967 0.954394
0 0.694145 0.531061 0.0482435 0.908437
0 0.253422 0.675057 0.0466656 0.615605
0 0.650656 0.533294 0.048065 0.901576
0 0.299755 0.696957 0.0472864 0.586491
0 0.39158 0.678657 0.0524717 0.61814
0 0.915699 0.665937 0.0462131 0.630316
0 0.826989 0.524599 0.0542755 0.888536
0 0.34406 0.689531 0.048681 0.60666
0 0.157392 0.511992 0.0546419 0.936053
0 0.0254038 0.506332 0.0508075 0.974125
0 0.872757 0.662624 0.0493507 0.637574
0 0.206391 0.521251 0.0544408 0.923335
0 0.959668 0.672518 0.0575274 0.602927
0 0.918212 0.596117 0.0427982 0.47735
0 0.962703 0.500556 0.0614605 0.952579
0 0.874074 0.516926 0.0522394 0.912989
0 0.916644 0.522811 0.0498468 0.906276
