0 0.39203 0.608225 0.0837561 0.749689
0 0.790304 0.592426 0.0848417 0.774888
0 0.313008 0.617779 0.0815222 0.730674
0 0.472706 0.600359 0.0821526 0.760643
0 0.871945 0.58672 0.0862568 0.797012
0 0.0550744 0.642835 0.0839506 0.694164
0 0.55129 0.598035 0.082633 0.775645
0 0.136357 0.633558 0.0886938 0.709381
0 0.952826 0.610135 0.0867485 0.758733
0 0.234421 0.739264 0.0792396 0.50264
0 0.707497 0.596926 0.0858122 0.779293
0 0.615259 0.612492 0.0513496 0.745984
0 0.00902148 0.660179 0.0179871 0.663925
