0 0.552939 0.47389 0.0479285 0.908635
0 0.509673 0.470574 0.0473173 0.910015
0 0.596128 0.472918 0.0476355 0.903762
0 0.638561 0.472228 0.0468732 0.89042
0 0.466741 0.466527 0.0502535 0.933055
0 0.724752 0.452605 0.0476112 0.864242
0 0.68185 0.45998 0.0465731 0.879891
0 0.379038 0.48203 0.0480488 0.925817
0 0.769341 0.458061 0.0514298 0.868524
0 0.422623 0.475215 0.0485376 0.916834
0 0.810205 0.461597 0.045747 0.846867
0 0.852506 0.438875 0.0472477 0.841745
0 0.334921 0.488943 0.0485577 0.911631
0 0.895193 0.424104 0.0526703 0.822135
0 0.287146 0.497053 0.0498308 0.892781
0 0.149691 0.547981 0.0564949 0.820881
0 0.102114 0.537651 0.0554277 0.835512
0 0.242835 0.502971 0.0513926 0.8774
0 0.193598 0.506049 0.0464375 0.882709
0 0.966362 0.434714 0.0624859 0.859163
0 0.0543457 0.530361 0.0584907 0.884291
0 0.0143818 0.480778 0.028635 0.795112
0 0.0136457 0.283891 0.0269932 0.429866
0 0.019497 0.604776 0.0389939 0.753987
0 0.930181 0.397626 0.035144 0.717054
0 0.991944 0.610562 0.016045 0.706383
0 0.0170726 0.72439 0.0337844 0.513689
0 0.0507202 0.267409 0.0459853 0.459996
0 0.993565 0.518415 0.012742 0.708524
