0 0.144597 0.464972 0.0888505 0.889611
0 0.230058 0.48867 0.0870461 0.881504
0 0.569372 0.540836 0.0829252 0.855166
0 0.313148 0.508264 0.0873421 0.877043
0 0.818534 0.56342 0.0854637 0.84926
0 0.484077 0.525346 0.0865641 0.864267
0 0.400063 0.516568 0.0859998 0.869698
0 0.651471 0.556697 0.0818627 0.854812
0 0.0562269 0.451012 0.0915773 0.892564
0 0.734803 0.557693 0.087156 0.857516
0 0.96839 0.65177 0.0632204 0.696461
0 0.897347 0.687064 0.0845325 0.625871
0 0.0104288 0.494711 0.0208577 0.806497
