0 0.162363 0.608799 0.0945335 0.73908
0 0.247004 0.613847 0.0907056 0.724447
0 0.328516 0.62324 0.087777 0.709489
0 0.0756497 0.597343 0.0962978 0.750124
0 0.407683 0.63711 0.0857046 0.695987
0 0.884287 0.680246 0.0699029 0.615474
0 0.483055 0.648415 0.0808544 0.674042
0 0.821761 0.67858 0.0728485 0.622156
0 0.627953 0.66605 0.0785091 0.64744
0 0.555912 0.651114 0.0813659 0.658614
0 0.758012 0.680683 0.0728495 0.630097
0 0.694813 0.67651 0.0727378 0.634629
0 0.948995 0.689749 0.0755937 0.601545
0 0.0179519 0.587106 0.0358565 0.733808
0 0.989064 0.692034 0.0218722 0.593827
