0 0.671622 0.455355 0.091598 0.896521
0 0.0636127 0.478276 0.127139 0.516462
0 0.22729 0.396598 0.17626 0.789153
0 0.747928 0.469229 0.07807 0.921368
0 0.548331 0.439314 0.120287 0.874201
0 0.965479 0.508543 0.0588617 0.926707
0 0.986464 0.520079 0.0270723 0.959843
0 0.360102 0.417292 0.101573 0.834584
0 0.913065 0.499598 0.163934 0.968094
0 0.869915 0.48834 0.0768543 0.958914
0 0.922887 0.492155 0.0564606 0.95604
0 0.399296 0.422609 0.180844 0.841139
0 0.812401 0.477931 0.074691 0.93248
0 0.449222 0.427613 0.099866 0.843611
