0 0.676996 0.738343 0.0867029 0.458618
0 0.760891 0.722262 0.0872013 0.473996
0 0.593188 0.735625 0.086589 0.471819
0 0.509859 0.729836 0.0874439 0.485006
0 0.850213 0.725674 0.0925412 0.459759
0 0.426832 0.734101 0.0885881 0.471418
0 0.587111 0.315486 0.0887589 0.399525
0 0.334223 0.727448 0.0917874 0.446661
0 0.9512 0.250642 0.0934715 0.495352
0 0.147062 0.807714 0.047468 0.334269
0 0.940337 0.721573 0.0894901 0.46326
0 0.188475 0.805438 0.0465073 0.340349
0 0.0629071 0.819025 0.0478006 0.337975
0 0.105059 0.814716 0.0472459 0.339307
0 0.674994 0.333993 0.0866034 0.369876
0 0.859353 0.303953 0.0942593 0.405192
0 0.250336 0.80525 0.085061 0.31971
0 0.0229622 0.825362 0.0454931 0.330197
0 0.00436449 0.826366 0.00859358 0.334608
