0 0.451725 0.638514 0.0547521 0.687947
0 0.614788 0.632696 0.0551458 0.72397
0 0.505701 0.605977 0.0544317 0.648242
0 0.336514 0.585558 0.0556462 0.584743
0 0.667512 0.636402 0.0511438 0.717658
0 0.160446 0.632275 0.0596677 0.581749
0 0.959162 0.630062 0.0697807 0.722839
0 0.103935 0.640236 0.0508227 0.583689
0 0.708604 0.722665 0.0350613 0.53775
0 0.280167 0.610541 0.0567983 0.568443
0 0.395534 0.633478 0.059177 0.698201
0 0.834237 0.627734 0.0562801 0.722861
0 0.559232 0.601102 0.0534241 0.645863
0 0.898518 0.713877 0.0525112 0.564619
0 0.780268 0.638309 0.0547668 0.723382
0 0.739668 0.718049 0.0283006 0.538131
0 0.778367 0.50134 0.0535181 0.452781
