0 0.700076 0.71144 0.184776 0.532197
0 0.877159 0.733509 0.174908 0.505329
0 0.159148 0.679139 0.174594 0.513781
0 0.698667 0.251038 0.185627 0.4581
0 0.331546 0.711702 0.169109 0.477785
0 0.159018 0.23167 0.165907 0.438125
0 0.519001 0.254955 0.173691 0.476522
0 0.87891 0.271544 0.181013 0.482636
0 0.51285 0.71187 0.171219 0.501485
0 0.331196 0.257027 0.178455 0.504901
0 0.0376995 0.66687 0.075399 0.495426
0 0.0386712 0.224795 0.0773425 0.43817
0 0.981099 0.722802 0.0378021 0.522003
0 0.982572 0.252629 0.0348555 0.475263
