0 0.245396 0.698367 0.0751636 0.585248
0 0.31789 0.710847 0.0748766 0.555317
0 0.602195 0.688457 0.0727445 0.570177
0 0.819075 0.677097 0.0759783 0.584904
0 0.89119 0.670424 0.0757523 0.589399
0 0.675989 0.679971 0.0752003 0.582088
0 0.390564 0.698513 0.0732171 0.582386
0 0.747399 0.677715 0.071663 0.588841
0 0.531978 0.689583 0.0720863 0.573583
0 0.461184 0.693898 0.0741814 0.580948
0 0.0332397 0.573577 0.0664794 0.608753
0 0.172061 0.690774 0.0752674 0.596653
0 0.963406 0.669092 0.0731875 0.59301
0 0.098867 0.570205 0.071697 0.608814
