0 0.59078 0.550061 0.0590401 0.886083
0 0.480407 0.583799 0.0561678 0.829422
0 0.427382 0.583466 0.0564352 0.833068
0 0.832101 0.50733 0.0662035 0.919866
0 0.374918 0.590593 0.0537335 0.80141
0 0.894763 0.514266 0.067939 0.901276
0 0.172086 0.620744 0.0525371 0.758511
0 0.959428 0.512475 0.070377 0.904199
0 0.53515 0.556757 0.0603727 0.868586
0 0.768862 0.545085 0.0655754 0.863864
0 0.647444 0.540679 0.0599467 0.882514
0 0.706325 0.553778 0.0631366 0.853638
0 0.323003 0.599419 0.054293 0.801162
0 0.272395 0.610223 0.0512789 0.779554
0 0.221948 0.61837 0.0528906 0.76326
0 0.123348 0.62259 0.0503716 0.750932
0 0.0538352 0.624781 0.0940909 0.744344
0 0.0762203 0.626521 0.048686 0.746958
0 0.0291132 0.629822 0.0514935 0.73765
