0 0.634574 0.327775 0.19637 0.635424
0 0.83812 0.326121 0.206258 0.624915
0 0.438666 0.278724 0.188834 0.524542
0 0.250976 0.311101 0.186555 0.537774
0 0.0739298 0.312177 0.14786 0.621059
0 0.434399 0.739247 0.172969 0.425979
0 0.948459 0.788831 0.095438 0.412463
0 0.245974 0.75652 0.184098 0.388847
0 0.61732 0.809147 0.179737 0.337876
0 0.965327 0.311478 0.0690529 0.596371
0 0.111659 0.765274 0.0798061 0.297033
0 0.0378313 0.765851 0.0756627 0.27204
0 0.809954 0.811716 0.185888 0.354709
0 0.845544 0.812022 0.113141 0.354285
0 0.760251 0.813794 0.0927362 0.333405
