0 0.542628 0.62799 0.114237 0.722973
0 0.368171 0.595692 0.085247 0.803314
0 0.447991 0.59918 0.0818525 0.790525
0 0.121894 0.614223 0.0890188 0.771555
0 0.0433506 0.577288 0.086531 0.845424
0 0.881084 0.485719 0.050388 0.897545
0 0.918737 0.487575 0.0508949 0.889594
0 0.28764 0.579526 0.0860115 0.840948
0 0.980882 0.517951 0.0382371 0.799239
0 0.658563 0.59954 0.0438743 0.706325
0 0.695038 0.610079 0.0441673 0.684549
0 0.206438 0.609503 0.0905209 0.779369
0 0.953081 0.478247 0.0514545 0.882993
0 0.619256 0.585775 0.0505861 0.744288
0 0.843246 0.487036 0.0540963 0.905822
0 0.726685 0.632104 0.0351439 0.62062
0 0.784733 0.614254 0.08048 0.690929
0 0.189369 0.607261 0.0567913 0.744653
