0 0.410431 0.73998 0.139783 0.520041
0 0.276752 0.710634 0.137104 0.578733
0 0.677052 0.71973 0.135287 0.56054
0 0.544103 0.717274 0.140019 0.565452
0 0.266956 0.250031 0.137585 0.500063
0 0.550412 0.263627 0.140244 0.527253
0 0.807018 0.724803 0.134 0.550393
0 0.684055 0.256163 0.135272 0.512325
0 0.408888 0.28507 0.148745 0.57014
0 0.814824 0.271273 0.137526 0.542545
0 0.164895 0.240861 0.0873719 0.481722
0 0.922587 0.574751 0.108204 0.727654
0 0.0644557 0.492501 0.128911 0.955443
0 0.981515 0.495306 0.0369693 0.950146
0 0.0307012 0.627381 0.0614025 0.745238
