0 0.90127 0.648984 0.0747074 0.617362
0 0.47214 0.688206 0.0711325 0.601228
0 0.827268 0.65557 0.0762861 0.612947
0 0.193678 0.711523 0.0732078 0.575883
0 0.40253 0.690367 0.0703431 0.592845
0 0.542458 0.681922 0.0707865 0.598697
0 0.333851 0.69558 0.0713806 0.593511
0 0.68426 0.667765 0.0737834 0.607136
0 0.26483 0.696944 0.0725093 0.593195
0 0.755865 0.661669 0.0712894 0.60412
0 0.613971 0.673482 0.0717007 0.602918
0 0.967409 0.642541 0.0622772 0.605649
0 0.12358 0.705737 0.0730214 0.587317
0 0.054 0.579992 0.0708652 0.60866
0 0.0109726 0.58279 0.0219452 0.610464
