0 0.794362 0.545396 0.0703546 0.840154
0 0.730857 0.550917 0.067236 0.823373
0 0.863712 0.527144 0.0772426 0.883957
0 0.951651 0.536364 0.0861211 0.878569
0 0.471341 0.560909 0.0628334 0.773623
0 0.529555 0.558484 0.06068 0.785918
0 0.586952 0.547334 0.061368 0.788203
0 0.411046 0.549226 0.0594661 0.743101
0 0.195637 0.546902 0.0841702 0.730133
0 0.356831 0.55648 0.0567653 0.730876
0 0.111381 0.548591 0.0888345 0.703885
0 0.284678 0.549246 0.0872491 0.746108
0 0.647087 0.550504 0.0645382 0.809808
0 0.0419337 0.537888 0.0559731 0.664578
0 0.00777551 0.539358 0.0155249 0.635651
