0 0.481766 0.627267 0.0570657 0.685494
0 0.881899 0.774481 0.0503468 0.433862
0 0.241589 0.587509 0.0617903 0.674875
0 0.528539 0.636213 0.0535964 0.665682
0 0.187878 0.575128 0.065126 0.693421
0 0.390257 0.618719 0.0578692 0.655026
0 0.573965 0.654896 0.0542746 0.667969
0 0.293553 0.611166 0.0581653 0.666007
0 0.341834 0.622121 0.0562274 0.666486
0 0.924158 0.781207 0.0506393 0.427022
0 0.662957 0.737972 0.0502136 0.498935
0 0.620153 0.659229 0.0542324 0.653215
0 0.116052 0.563501 0.0881189 0.722612
0 0.0551532 0.560832 0.0681769 0.713678
0 0.707871 0.744245 0.0507217 0.491331
0 0.839101 0.768868 0.0516952 0.437137
0 0.750749 0.750159 0.0512795 0.499683
0 0.964732 0.788707 0.050102 0.41919
0 0.0203004 0.564837 0.0406008 0.706624
0 0.794205 0.763534 0.0526012 0.472931
0 0.988738 0.80119 0.022443 0.397619
