0 0.325839 0.709885 0.0612463 0.465149
0 0.732299 0.634332 0.0679496 0.695712
0 0.384269 0.713102 0.0594714 0.481328
0 0.910291 0.750244 0.178632 0.499512
0 0.557601 0.728057 0.0599647 0.477028
0 0.673156 0.635157 0.0619777 0.681221
0 0.443096 0.71959 0.0631452 0.487358
0 0.501091 0.735165 0.0566389 0.461824
0 0.268494 0.719363 0.0572919 0.446416
0 0.212032 0.717412 0.0593729 0.437285
0 0.792845 0.635037 0.0672272 0.695684
0 0.615464 0.734052 0.0601555 0.475119
0 0.037141 0.696626 0.0625341 0.446086
0 0.221371 0.278114 0.0578623 0.473613
0 0.0965258 0.70967 0.0594241 0.434642
0 0.1509 0.71178 0.0617874 0.434827
0 0.123922 0.710215 0.115132 0.435654
