0 0.869248 0.532515 0.093417 0.870671
0 0.628147 0.554693 0.0850948 0.843596
0 0.551385 0.562571 0.0848681 0.854697
0 0.400862 0.57272 0.0854784 0.842537
0 0.952955 0.518941 0.0936176 0.873214
0 0.105361 0.591131 0.0910445 0.810833
0 0.476348 0.569626 0.0858614 0.853406
0 0.706436 0.547334 0.0870836 0.852098
0 0.326474 0.575646 0.085667 0.8302
0 0.786942 0.543593 0.0888399 0.858886
0 0.25255 0.579938 0.0853193 0.821348
0 0.0381664 0.594375 0.0762693 0.802415
0 0.179352 0.586713 0.0862691 0.815537
0 0.993591 0.517938 0.0128179 0.879592
