0 0.929827 0.504888 0.0832699 0.940635
0 0.775208 0.520454 0.0834473 0.954463
0 0.45122 0.530621 0.0823946 0.938757
0 0.215611 0.551482 0.0859018 0.897036
0 0.852151 0.518346 0.0826673 0.945569
0 0.53131 0.525619 0.0868788 0.948763
0 0.697304 0.526714 0.0834725 0.946572
0 0.295683 0.553073 0.0839942 0.893854
0 0.374956 0.555462 0.0797271 0.889076
0 0.0127375 0.549958 0.025475 0.881059
0 0.0604721 0.550662 0.0828079 0.892172
0 0.614478 0.518846 0.0844573 0.95766
0 0.137244 0.548538 0.0815642 0.878038
0 0.982873 0.517709 0.033672 0.957033
