0 0.40683 0.540286 0.0865611 0.904611
0 0.646663 0.575678 0.0843632 0.848645
0 0.724605 0.569624 0.0861083 0.849803
0 0.245231 0.553074 0.0869969 0.885217
0 0.486712 0.536749 0.0851789 0.902813
0 0.566629 0.558334 0.0868032 0.86018
0 0.0731271 0.553621 0.0919875 0.877364
0 0.325811 0.549343 0.0854982 0.896388
0 0.160394 0.559083 0.0944785 0.875835
0 0.804282 0.564693 0.0871519 0.841243
0 0.0171904 0.507955 0.0342447 0.965028
0 0.933137 0.517429 0.133234 0.916303
0 0.960472 0.532154 0.0790559 0.892961
