0 0.673465 0.459575 0.182934 0.425074
0 0.406747 0.442078 0.0927565 0.442566
0 0.523015 0.788997 0.131449 0.282961
0 0.834646 0.727252 0.134089 0.281604
0 0.51775 0.38666 0.133913 0.545447
0 0.949847 0.644095 0.0965467 0.394733
0 0.41161 0.803294 0.0937576 0.281864
0 0.951831 0.253791 0.0959029 0.406245
0 0.677592 0.779034 0.179116 0.250028
0 0.315351 0.279901 0.111634 0.318513
0 0.831708 0.388582 0.143413 0.433741
0 0.199118 0.511642 0.104455 0.348402
0 0.298057 0.6977 0.135334 0.52922
0 0.200627 0.232132 0.0825634 0.220755
0 0.300359 0.558177 0.124233 0.254731
0 0.0130048 0.815638 0.0259183 0.319081
