0 0.875684 0.674837 0.215305 0.205327
0 0.887197 0.433934 0.225298 0.333533
0 0.447631 0.704628 0.23182 0.2382
0 0.666303 0.669656 0.210992 0.219809
0 0.224927 0.721497 0.231939 0.218422
0 0.672218 0.465956 0.22085 0.232582
0 0.450024 0.885466 0.225572 0.196222
0 0.669655 0.190052 0.233635 0.359942
0 0.869522 0.85205 0.211717 0.20933
0 0.665695 0.855884 0.210002 0.21556
0 0.220266 0.473855 0.248601 0.343718
0 0.228109 0.896531 0.229248 0.201337
0 0.450616 0.442293 0.237677 0.344812
0 0.0564947 0.686569 0.112797 0.340699
0 0.230908 0.940809 0.22627 0.118382
0 0.257427 0.155839 0.23925 0.311677
0 0.476902 0.216836 0.177129 0.333604
0 0.070762 0.26972 0.141524 0.191806
