0 0.325231 0.554112 0.0583044 0.790743
0 0.377348 0.547305 0.0606182 0.7939
0 0.274685 0.56332 0.0585484 0.793216
0 0.686569 0.483618 0.0563031 0.802195
0 0.429716 0.54235 0.0582631 0.792007
0 0.224887 0.572031 0.0571501 0.791026
0 0.530683 0.518141 0.0573412 0.805779
0 0.636156 0.495303 0.0591764 0.807664
0 0.737835 0.475939 0.0618639 0.829363
0 0.582353 0.509484 0.0604864 0.806119
0 0.480442 0.531644 0.0574145 0.797479
0 0.899811 0.437372 0.066474 0.821387
0 0.175211 0.586149 0.0574727 0.784863
0 0.791102 0.462269 0.0622437 0.830993
0 0.950743 0.432751 0.054102 0.70846
0 0.12494 0.590457 0.0582232 0.783297
0 0.844536 0.445228 0.0618526 0.8194
0 0.983687 0.435734 0.0326251 0.683458
0 0.0727672 0.590808 0.0622474 0.76516
