0 0.546212 0.238765 0.218143 0.358844
0 0.119467 0.778536 0.198646 0.40304
0 0.895425 0.155969 0.15544 0.289089
0 0.112315 0.408695 0.210001 0.423513
0 0.30722 0.349663 0.200672 0.400947
0 0.307418 0.697979 0.197688 0.377892
0 0.560561 0.536874 0.224707 0.355503
0 0.736418 0.18245 0.179844 0.327327
0 0.703386 0.48939 0.0859058 0.312237
0 0.900468 0.419583 0.140287 0.303106
0 0.86888 0.428406 0.205717 0.319851
0 0.0140453 0.819575 0.0280905 0.36085
0 0.421055 0.549236 0.0646372 0.269466
0 0.989082 0.121301 0.0215664 0.242602
0 0.792562 0.462167 0.112106 0.32466
0 0.692727 0.197904 0.093721 0.308392
