0 0.520649 0.53732 0.0782678 0.923128
0 0.448413 0.539494 0.0783588 0.921012
0 0.816045 0.508747 0.0807786 0.930736
0 0.891553 0.505805 0.0830863 0.932635
0 0.667063 0.521087 0.0812229 0.9234
0 0.742303 0.520295 0.0788698 0.92189
0 0.226796 0.551269 0.0761747 0.863388
0 0.299166 0.560357 0.0783995 0.879286
0 0.371247 0.547508 0.0775478 0.84753
0 0.593829 0.529919 0.0767691 0.922236
0 0.157288 0.555806 0.0746139 0.86027
0 0.963432 0.50373 0.0731361 0.953413
0 0.0858293 0.537495 0.0799378 0.818778
0 0.0254621 0.505545 0.0509242 0.733179
