0 0.507254 0.521001 0.0692354 0.788996
0 0.939671 0.448583 0.119847 0.897166
0 0.441498 0.506282 0.0718492 0.819908
0 0.823912 0.793537 0.113559 0.235117
0 0.569349 0.517549 0.0668672 0.778442
0 0.62878 0.587489 0.0652714 0.639536
0 0.820171 0.390881 0.137121 0.587037
0 0.383143 0.481454 0.0603164 0.848271
0 0.329177 0.471641 0.0669074 0.877011
0 0.057068 0.469787 0.10823 0.939573
0 0.684926 0.778837 0.052504 0.252769
0 0.711552 0.779808 0.106867 0.259203
0 0.680265 0.459123 0.0607144 0.391133
0 0.736917 0.773923 0.0567617 0.265596
0 0.0107627 0.467614 0.0214302 0.935229
0 0.695232 0.328533 0.139347 0.657
0 0.699179 0.412183 0.130278 0.493293
0 0.733987 0.457995 0.0603058 0.391951
