0 0.0608223 0.495777 0.0470302 0.669739
0 0.108406 0.448835 0.0491826 0.747066
0 0.0187681 0.495197 0.0373868 0.702589
0 0.155852 0.455028 0.0484238 0.748516
0 0.357475 0.534125 0.0474067 0.828147
0 0.309411 0.531878 0.0506097 0.834747
0 0.204275 0.455715 0.0501061 0.771645
0 0.635531 0.504635 0.0430826 0.70039
0 0.868516 0.583053 0.0458828 0.723647
0 0.253482 0.473387 0.0512803 0.800802
0 0.590019 0.494861 0.0468992 0.693125
0 0.403482 0.514923 0.0461195 0.821997
0 0.956641 0.604186 0.0463432 0.72661
0 0.450802 0.522985 0.0473854 0.817331
0 0.497294 0.486653 0.0473785 0.710823
0 0.911991 0.552785 0.0409916 0.650424
0 0.823929 0.566046 0.0445722 0.717977
0 0.727193 0.534441 0.047158 0.72155
0 0.543448 0.475661 0.0444509 0.68275
0 0.776897 0.546296 0.048138 0.685377
0 0.989289 0.579893 0.0214211 0.79089
0 0.679583 0.532848 0.0474668 0.70871
