0 0.619828 0.503463 0.0478929 0.974961
0 0.57659 0.49635 0.0473279 0.965684
0 0.66218 0.501315 0.0477008 0.962666
0 0.533143 0.498892 0.0497423 0.967887
0 0.486868 0.504252 0.0500131 0.951276
0 0.875685 0.521958 0.0517723 0.89722
0 0.792686 0.503438 0.051631 0.954756
0 0.748633 0.50294 0.0488557 0.954513
0 0.705352 0.506469 0.0489455 0.95724
0 0.833082 0.509155 0.0463735 0.920851
0 0.351507 0.6196 0.0504334 0.728563
0 0.0467998 0.4963 0.0671322 0.985358
0 0.0932783 0.500514 0.0618087 0.958827
0 0.307534 0.630361 0.0456605 0.707152
0 0.397812 0.59462 0.0506766 0.778145
0 0.441861 0.533941 0.0503429 0.904836
0 0.139223 0.504287 0.0576834 0.947567
0 0.265952 0.63725 0.0477002 0.709032
0 0.184758 0.497827 0.0582946 0.955229
0 0.968695 0.500886 0.0599644 0.961048
0 0.0132045 0.516686 0.0264089 0.959913
0 0.924014 0.507193 0.0522461 0.92599
0 0.992629 0.523769 0.0147429 0.952461
0 0.2229 0.600091 0.0375722 0.698709
