0 0.539395 0.375202 0.0825184 0.576328
0 0.462175 0.362617 0.0844591 0.59102
0 0.381983 0.351438 0.0862691 0.593861
0 0.217242 0.316404 0.0912311 0.598331
0 0.136072 0.304233 0.0873541 0.594312
0 0.613963 0.384677 0.0780342 0.571385
0 0.0526762 0.300253 0.0977808 0.600506
0 0.300012 0.336411 0.0881887 0.588832
0 0.687105 0.393812 0.0765769 0.56885
0 0.141846 0.795714 0.0798738 0.393004
0 0.60297 0.8295 0.076402 0.330512
0 0.835966 0.415603 0.0792953 0.54092
0 0.760203 0.404441 0.0791507 0.56139
0 0.222157 0.800704 0.0840219 0.384353
0 0.908286 0.424825 0.0788658 0.531971
0 0.677131 0.834447 0.0733506 0.329796
0 0.530364 0.821893 0.0747055 0.32777
0 0.456771 0.817798 0.079537 0.331933
0 0.299954 0.799568 0.0798657 0.347732
0 0.378538 0.807046 0.080682 0.335795
0 0.969411 0.428501 0.0607018 0.529803
0 0.059878 0.782134 0.0903567 0.379521
0 0.749825 0.835126 0.0705845 0.315041
0 0.962198 0.838263 0.0701776 0.295845
0 0.893817 0.841119 0.071159 0.301212
0 0.820943 0.837748 0.0730285 0.304999
