0 0.606879 0.689269 0.252975 0.207473
0 0.348649 0.710532 0.261341 0.195023
0 0.613927 0.878529 0.24532 0.193191
0 0.600556 0.196772 0.272052 0.357865
0 0.107908 0.401185 0.215816 0.379975
0 0.612178 0.479077 0.253906 0.22689
0 0.118348 0.86463 0.236695 0.18736
0 0.850795 0.247632 0.228321 0.27933
0 0.110563 0.686915 0.220306 0.198487
0 0.365598 0.881557 0.249652 0.172465
0 0.861636 0.637161 0.260218 0.332421
0 0.340642 0.419407 0.281418 0.394916
0 0.861911 0.882331 0.253326 0.204196
0 0.9843 0.243615 0.031401 0.296823
