0 0.598787 0.606226 0.0611971 0.773881
0 0.351954 0.551307 0.0657218 0.79507
0 0.479074 0.559425 0.064735 0.841713
0 0.157748 0.498658 0.0665915 0.800392
0 0.656675 0.589136 0.0609893 0.821727
0 0.71454 0.586789 0.0611878 0.820955
0 0.223474 0.522499 0.0666446 0.799812
0 0.772356 0.59156 0.0593027 0.798223
0 0.286668 0.542096 0.0648645 0.813861
0 0.828956 0.596898 0.0595371 0.793295
0 0.416745 0.547775 0.0630949 0.842478
0 0.0726082 0.482028 0.0723669 0.802114
0 0.539877 0.602032 0.0605831 0.760178
0 0.939876 0.604293 0.0557968 0.791415
0 0.885923 0.606384 0.0581123 0.787232
0 0.98309 0.61429 0.0336983 0.77142
0 0.0140876 0.560539 0.0280504 0.608755
