0 0.319874 0.730444 0.0593672 0.465328
0 0.593997 0.734791 0.0598343 0.524281
0 0.650392 0.734203 0.0582899 0.523906
0 0.375988 0.741612 0.0600722 0.498616
0 0.206336 0.746739 0.0580534 0.477534
0 0.149496 0.753607 0.0562807 0.476166
0 0.0337152 0.74288 0.0612957 0.460622
0 0.262087 0.746146 0.0581652 0.48901
0 0.482243 0.731421 0.0545708 0.507016
0 0.537398 0.731154 0.0553898 0.513082
0 0.429258 0.738311 0.049243 0.483373
0 0.759955 0.721297 0.0526544 0.516127
0 0.0942271 0.745791 0.0589269 0.463089
0 0.706769 0.731247 0.0591595 0.514931
0 0.814999 0.726673 0.0587767 0.525322
0 0.870181 0.720581 0.0583988 0.531068
0 0.967439 0.725792 0.0579304 0.519343
0 0.917721 0.723191 0.0417267 0.526893
