0 0.451541 0.535695 0.0783092 0.66909
0 0.297195 0.480498 0.0816961 0.686731
0 0.814289 0.51496 0.0758999 0.89579
0 0.376647 0.511584 0.0810154 0.676282
0 0.216857 0.455693 0.0844287 0.696174
0 0.595637 0.588176 0.0761533 0.65688
0 0.670814 0.608747 0.076211 0.644916
0 0.884147 0.536283 0.0778007 0.895065
0 0.134853 0.450015 0.087756 0.671458
0 0.524188 0.559829 0.0756941 0.664049
0 0.0490809 0.421192 0.0895655 0.67893
0 0.745808 0.496166 0.0769269 0.891834
0 0.949928 0.554035 0.0698875 0.882461
0 0.989015 0.568915 0.0219706 0.860582
