0 0.146915 0.548474 0.0676161 0.729758
0 0.372527 0.574959 0.0660069 0.737337
0 0.203239 0.547675 0.0707993 0.74583
0 0.425842 0.588092 0.0634392 0.733009
0 0.638722 0.606804 0.0665752 0.737718
0 0.318156 0.562147 0.067043 0.738942
0 0.533162 0.597001 0.0629847 0.727486
0 0.478473 0.589472 0.0637392 0.732594
0 0.0917706 0.542062 0.0672929 0.735384
0 0.693984 0.609617 0.0655125 0.716008
0 0.748302 0.616116 0.0650571 0.724421
0 0.801562 0.622806 0.0646694 0.725789
0 0.26196 0.556726 0.0682124 0.740155
0 0.908027 0.702978 0.063665 0.578417
0 0.0347384 0.542901 0.0694767 0.733168
0 0.585079 0.59888 0.0633228 0.742584
0 0.854255 0.643782 0.0632668 0.708928
0 0.962533 0.722941 0.0635643 0.540155
0 0.991226 0.723664 0.0173174 0.552673
0 0.00424981 0.552222 0.00844974 0.725377
