0 0.405376 0.485439 0.0696699 0.909596
0 0.339278 0.492652 0.0733256 0.915906
0 0.534487 0.481554 0.0704546 0.904371
0 0.136787 0.486585 0.0768656 0.93463
0 0.267908 0.493496 0.0728024 0.920798
0 0.202105 0.493439 0.070959 0.92547
0 0.0694004 0.490459 0.0777943 0.949262
0 0.793606 0.594967 0.0711274 0.636615
0 0.662863 0.469595 0.0708035 0.896129
0 0.597977 0.471655 0.0695898 0.89932
0 0.470167 0.484383 0.0711134 0.912192
0 0.922616 0.592936 0.0656094 0.624137
0 0.859255 0.592848 0.0691431 0.629349
0 0.726864 0.593055 0.0701376 0.641577
0 0.0213699 0.507695 0.0427399 0.984013
0 0.974881 0.596168 0.050106 0.642687
