0 0.581204 0.514458 0.0496945 0.906178
0 0.3166 0.681805 0.0493046 0.596454
0 0.669768 0.522549 0.0504753 0.91734
0 0.624732 0.521165 0.0481335 0.912906
0 0.404855 0.685511 0.0464651 0.590676
0 0.537369 0.569056 0.0470015 0.8006
0 0.713029 0.515854 0.0487913 0.917423
0 0.756355 0.505852 0.0485561 0.946324
0 0.882486 0.527325 0.0499577 0.873256
0 0.0952705 0.490665 0.0662013 0.938531
0 0.798147 0.502044 0.0471843 0.931574
0 0.84056 0.536657 0.052573 0.859755
0 0.449987 0.680123 0.048001 0.603407
0 0.924384 0.52109 0.0502342 0.907365
0 0.968401 0.517752 0.0599192 0.932721
0 0.272692 0.676519 0.044277 0.592422
0 0.495582 0.588901 0.0477144 0.768496
0 0.360738 0.682959 0.0482506 0.589721
0 0.0461318 0.501432 0.0617596 0.937705
0 0.225095 0.66428 0.0506023 0.607966
0 0.966869 0.65016 0.0539138 0.663951
0 0.141184 0.489891 0.0560937 0.934118
0 0.922733 0.644915 0.0479828 0.672067
0 0.992547 0.666405 0.0144669 0.664406
0 0.171737 0.500421 0.0484193 0.925753
0 0.0137086 0.501226 0.0274172 0.913659
0 0.373456 0.687172 0.0251306 0.588677
0 0.182025 0.503585 0.0438547 0.923351
0 0.990007 0.537442 0.019916 0.897292
0 0.0111254 0.34145 0.0220887 0.580868
0 0.156196 0.495249 0.0558565 0.936448
0 0.993591 0.516243 0.0128179 0.942684
