0 0.683949 0.400053 0.0533742 0.585376
0 0.390981 0.266403 0.19944 0.532807
0 0.142206 0.297092 0.124811 0.548602
0 0.645364 0.405986 0.0543409 0.589452
0 0.722168 0.393006 0.052449 0.576562
0 0.389319 0.688926 0.197083 0.505665
0 0.60608 0.41084 0.0550639 0.609792
0 0.760251 0.384564 0.0537939 0.567004
0 0.830917 0.380106 0.0498756 0.543889
0 0.135 0.752563 0.117114 0.483864
0 0.564332 0.416975 0.0571861 0.618739
0 0.519878 0.408974 0.0628883 0.659754
0 0.795207 0.383385 0.0484115 0.55382
0 0.0497011 0.727571 0.0724114 0.544859
0 0.945 0.351681 0.0756014 0.582458
0 0.865526 0.383568 0.0472824 0.531156
0 0.898519 0.361942 0.0440525 0.534395
0 0.013732 0.739309 0.0272189 0.521383
0 0.218013 0.716949 0.061102 0.459445
0 0.985311 0.353494 0.0288003 0.557824
0 0.26955 0.698245 0.0589442 0.481168
0 0.753645 0.935859 0.122082 0.128281
0 0.242818 0.699026 0.111345 0.499013
0 0.989638 0.357827 0.0204732 0.546821
