0 0.781571 0.52409 0.0674001 0.923026
0 0.423231 0.645718 0.0618994 0.648405
0 0.600278 0.659289 0.0615595 0.643263
0 0.841869 0.520733 0.0668341 0.92941
0 0.30324 0.639817 0.0630039 0.639996
0 0.720392 0.517837 0.0669506 0.926608
0 0.363556 0.639684 0.063599 0.643073
0 0.482466 0.646908 0.0623556 0.638469
0 0.179917 0.651487 0.0643413 0.596595
0 0.659782 0.662165 0.0635435 0.647816
0 0.906954 0.664505 0.0636631 0.641661
0 0.241635 0.655981 0.0643719 0.59872
0 0.965106 0.668586 0.0639625 0.638731
0 0.120044 0.646326 0.0614581 0.572693
0 0.542381 0.652728 0.0608165 0.641837
0 0.0159038 0.644071 0.0318075 0.579821
0 0.0617036 0.651721 0.0621088 0.587085
