0 0.509011 0.57315 0.0630878 0.78074
0 0.125768 0.568866 0.0744346 0.821169
0 0.908364 0.5965 0.0642197 0.753088
0 0.567409 0.579307 0.0625639 0.779302
0 0.193332 0.561349 0.0639995 0.824928
0 0.0589575 0.574788 0.0682918 0.819116
0 0.448689 0.568935 0.066638 0.794057
0 0.966204 0.602908 0.0618543 0.742996
0 0.791686 0.578061 0.0628908 0.790395
0 0.62684 0.576704 0.0636209 0.780329
0 0.850063 0.581472 0.0634998 0.77281
0 0.258957 0.545011 0.0660158 0.85583
0 0.380838 0.574078 0.0633137 0.802752
0 0.737058 0.511042 0.0569378 0.924892
0 0.683969 0.503165 0.0576676 0.941564
0 0.0146546 0.590294 0.0293093 0.786316
0 0.317977 0.688665 0.0632508 0.598177
