0 0.269751 0.572827 0.0790875 0.834754
0 0.19419 0.57525 0.0826963 0.833679
0 0.345568 0.567195 0.0803078 0.840632
0 0.11852 0.582468 0.0813579 0.810771
0 0.493502 0.556676 0.0790291 0.854048
0 0.795311 0.570931 0.0796819 0.829551
0 0.566711 0.523285 0.0742181 0.918495
0 0.64024 0.559772 0.0819694 0.850336
0 0.871163 0.568503 0.0804917 0.83323
0 0.419067 0.548381 0.073536 0.870084
0 0.71953 0.564409 0.0821793 0.837141
0 0.94742 0.574343 0.0854759 0.822417
0 0.0429717 0.618137 0.0842048 0.740598
0 0.992362 0.67963 0.0149298 0.582316
0 0.99018 0.663485 0.0196392 0.666238
