0 0.370795 0.540084 0.0623616 0.832133
0 0.198238 0.504134 0.0662009 0.835199
0 0.533318 0.555199 0.0584238 0.822955
0 0.798826 0.560962 0.0638182 0.818451
0 0.259654 0.519563 0.062422 0.821956
0 0.139898 0.493184 0.0624425 0.82455
0 0.586505 0.55796 0.0591573 0.815605
0 0.0855069 0.483094 0.0610673 0.826583
0 0.480914 0.549952 0.0589693 0.828513
0 0.937738 0.567273 0.117981 0.810824
0 0.314777 0.526912 0.0595481 0.823881
0 0.744131 0.569426 0.0561575 0.801692
0 0.694355 0.565084 0.0572012 0.801171
