0 0.520564 0.647176 0.0785859 0.703203
0 0.593493 0.644395 0.0788319 0.709817
0 0.665045 0.644433 0.0785808 0.706046
0 0.448 0.647531 0.0790575 0.704939
0 0.883525 0.627927 0.0805828 0.691823
0 0.736485 0.64173 0.0807283 0.706038
0 0.810305 0.631952 0.0812208 0.695828
0 0.958289 0.623794 0.0826801 0.693118
0 0.302834 0.647676 0.0822093 0.704648
0 0.0617736 0.653229 0.0829848 0.693543
0 0.37654 0.6488 0.0788149 0.702401
0 0.139206 0.649873 0.0855609 0.700254
0 0.223314 0.646479 0.0858495 0.702085
0 0.0145094 0.635531 0.0290175 0.708034
