0 0.339855 0.630903 0.0790814 0.698779
0 0.115748 0.630493 0.0761477 0.690057
0 0.189956 0.62387 0.0803887 0.675527
0 0.41629 0.63064 0.0809192 0.705255
0 0.492563 0.666097 0.0773451 0.636592
0 0.567435 0.666676 0.0785509 0.637919
0 0.644932 0.645722 0.0803843 0.681255
0 0.722344 0.64043 0.0811987 0.691849
0 0.0425518 0.621418 0.0805052 0.698452
0 0.265239 0.619133 0.0792389 0.651723
0 0.801436 0.64208 0.0854156 0.703853
0 0.881656 0.647876 0.082744 0.691053
0 0.959373 0.649418 0.0798748 0.697977
0 0.0048459 0.608587 0.00965946 0.69957
