0 0.171497 0.52116 0.0433494 0.791887
0 0.133163 0.472754 0.0413688 0.856164
0 0.0977827 0.466485 0.0437168 0.846386
0 0.0656255 0.467303 0.0406824 0.852148
0 0.207801 0.526781 0.0418946 0.811439
0 0.0278077 0.462591 0.0489513 0.858227
0 0.243629 0.544678 0.0438788 0.81444
0 0.310647 0.559874 0.0380159 0.707895
0 0.984809 0.554336 0.0302617 0.526957
0 0.844642 0.885635 0.0887394 0.22873
0 0.78677 0.852006 0.0471365 0.295988
0 0.983479 0.646834 0.0330414 0.706333
0 0.558672 0.748203 0.0372257 0.478675
0 0.523636 0.748399 0.0381342 0.45979
0 0.706965 0.633277 0.128088 0.733447
0 0.830582 0.880189 0.0557739 0.239622
0 0.982976 0.762844 0.0340473 0.474311
0 0.279013 0.564092 0.0341468 0.755355
0 0.00545888 0.487719 0.0109134 0.868302
0 0.967317 0.647559 0.0606422 0.700802
0 0.420085 0.73235 0.0343086 0.466122
0 0.959411 0.532845 0.0380562 0.466077
0 0.948142 0.840796 0.0521337 0.318408
