0 0.312712 0.504028 0.173801 0.276951
0 0.474338 0.534503 0.174667 0.306051
0 0.898368 0.696982 0.201545 0.32319
0 0.169538 0.448995 0.15225 0.260528
0 0.0539652 0.40542 0.10793 0.25626
0 0.483478 0.724921 0.165772 0.169547
0 0.323712 0.674612 0.163391 0.146926
0 0.736766 0.716971 0.131228 0.172137
0 0.618529 0.606896 0.131304 0.270424
0 0.0850748 0.191752 0.144814 0.227637
0 0.889944 0.901333 0.19691 0.176727
0 0.0586973 0.566715 0.117035 0.141475
0 0.57604 0.19673 0.17221 0.251525
0 0.181049 0.611156 0.14101 0.155253
0 0.223311 0.224758 0.159126 0.239388
0 0.734372 0.835369 0.123218 0.139215
0 0.618487 0.787472 0.11828 0.124028
0 0.751578 0.511348 0.1374 0.276604
0 0.591528 0.775216 0.0612487 0.113165
0 0.73246 0.265329 0.214232 0.312385
0 0.726913 0.33917 0.223226 0.464419
0 0.967395 0.276565 0.065018 0.553129
0 0.907808 0.487443 0.176707 0.161392
