0 0.643923 0.51172 0.0803742 0.708463
0 0.567358 0.524726 0.0784514 0.703571
0 0.182399 0.612679 0.079912 0.695796
0 0.724594 0.474265 0.0850902 0.757559
0 0.807438 0.445491 0.0862339 0.757824
0 0.489944 0.543902 0.0788966 0.699669
0 0.259673 0.579484 0.0803748 0.728918
0 0.890681 0.431702 0.0821025 0.745244
0 0.106891 0.634872 0.0782958 0.694463
0 0.337926 0.56573 0.0819966 0.735796
0 0.414309 0.561673 0.0766878 0.69585
0 0.0355455 0.648495 0.071091 0.692781
0 0.964266 0.403613 0.071468 0.750176
