0 0.384488 0.732241 0.11036 0.511714
0 0.277022 0.739152 0.105184 0.501348
0 0.713649 0.711583 0.114599 0.526172
0 0.0560833 0.75111 0.107127 0.488907
0 0.598129 0.709905 0.116148 0.531153
0 0.49015 0.728205 0.106139 0.510929
0 0.162858 0.741609 0.112244 0.510184
0 0.826214 0.699438 0.118455 0.52421
0 0.806689 0.250683 0.111437 0.408373
0 0.926372 0.225314 0.108676 0.414254
0 0.0677565 0.319838 0.135469 0.428606
0 0.937049 0.689009 0.11667 0.523887
0 0.962953 0.696278 0.0603409 0.502489
0 0.938019 0.481103 0.119329 0.942063
