0 0.33945 0.624955 0.0845633 0.686692
0 0.259955 0.615773 0.0845054 0.687952
0 0.577915 0.623905 0.0791231 0.686798
0 0.499742 0.622997 0.0802523 0.69064
0 0.896591 0.630323 0.0804692 0.666978
0 0.741306 0.625727 0.0804287 0.677499
0 0.819288 0.63148 0.0833166 0.668292
0 0.419074 0.629645 0.0820518 0.679462
0 0.179796 0.617027 0.0859842 0.686906
0 0.0984145 0.634031 0.0850616 0.641284
0 0.659694 0.625782 0.0901463 0.68528
0 0.0302367 0.63907 0.0604734 0.633213
0 0.965295 0.634338 0.0694101 0.693474
