0 0.399752 0.523905 0.0654813 0.776784
0 0.524058 0.553419 0.0670769 0.759477
0 0.460742 0.535727 0.0674728 0.786594
0 0.818591 0.613563 0.065189 0.745684
0 0.151386 0.461652 0.0686696 0.737891
0 0.216304 0.48895 0.0693128 0.739493
0 0.877498 0.634051 0.0654216 0.722222
0 0.699741 0.589196 0.0639006 0.769866
0 0.279858 0.504904 0.0682048 0.749585
0 0.583649 0.57417 0.0636712 0.744227
0 0.760021 0.597799 0.0670209 0.761887
0 0.0883195 0.445192 0.0699962 0.745761
0 0.340717 0.52201 0.0654261 0.748312
0 0.643028 0.576943 0.0649593 0.764022
0 0.934037 0.644262 0.061268 0.711477
0 0.029313 0.417312 0.0585894 0.735796
0 0.978943 0.652219 0.0421146 0.695562
