0 0.117338 0.74993 0.074572 0.478132
0 0.189257 0.760037 0.0747605 0.474531
0 0.764416 0.757852 0.0748181 0.47893
0 0.406342 0.760225 0.0741745 0.463268
0 0.620619 0.764172 0.0765207 0.457593
0 0.334391 0.761346 0.0766896 0.468659
0 0.692291 0.758222 0.0745043 0.469869
0 0.838154 0.754188 0.0763684 0.480479
0 0.613161 0.28553 0.0741185 0.538191
0 0.476705 0.766509 0.0728623 0.465391
0 0.54951 0.768458 0.0724224 0.463085
0 0.911327 0.748901 0.07524 0.472168
0 0.262248 0.761303 0.0743645 0.472945
0 0.0466865 0.747987 0.072312 0.474152
0 0.972849 0.747494 0.0540506 0.456652
0 0.00701151 0.71413 0.014023 0.466002
