0 0.669792 0.556032 0.0796648 0.808123
0 0.747619 0.549221 0.0822023 0.812403
0 0.914045 0.530258 0.0899182 0.816537
0 0.450837 0.588159 0.0685912 0.738155
0 0.518599 0.567899 0.0714872 0.770208
0 0.829746 0.554735 0.0857162 0.810736
0 0.203342 0.622427 0.0609872 0.694042
0 0.589052 0.563241 0.0749614 0.773696
0 0.145947 0.621298 0.0594398 0.700007
0 0.325222 0.602536 0.0643225 0.715146
0 0.264005 0.614958 0.0641319 0.711622
0 0.386598 0.602319 0.0646363 0.725482
0 0.0328428 0.632543 0.0548441 0.647678
0 0.977665 0.481602 0.0442974 0.88959
0 0.0881627 0.633983 0.0609301 0.681501
0 0.00446067 0.635401 0.00875561 0.676286
