0 0.176991 0.629792 0.0532514 0.533569
0 0.901185 0.330911 0.059708 0.589389
0 0.128959 0.63335 0.0535925 0.512339
0 0.330365 0.557932 0.0504541 0.501309
0 0.79348 0.379142 0.0581108 0.551326
0 0.957403 0.312306 0.064287 0.607512
0 0.429476 0.53266 0.0542473 0.519107
0 0.847169 0.356542 0.0575449 0.568691
0 0.379008 0.550232 0.0544858 0.527925
0 0.58228 0.475212 0.0563602 0.538831
0 0.737875 0.396722 0.059583 0.553641
0 0.479084 0.523352 0.0546024 0.536733
0 0.530853 0.496172 0.0543913 0.523589
0 0.231058 0.606372 0.0612335 0.504601
0 0.0801252 0.64665 0.052436 0.51248
0 0.0320862 0.672127 0.054657 0.556296
0 0.990609 0.432012 0.0187702 0.835888
