0 0.150887 0.572324 0.0572933 0.747413
0 0.197824 0.559837 0.0569412 0.730124
0 0.289256 0.543461 0.0563681 0.739472
0 0.243867 0.551668 0.0537877 0.735337
0 0.955514 0.387504 0.0613667 0.775008
0 0.617305 0.476345 0.0568487 0.729851
0 0.103697 0.58318 0.0588782 0.738598
0 0.475792 0.515508 0.0543545 0.720819
0 0.90689 0.399583 0.0603459 0.783896
0 0.428584 0.524715 0.0548922 0.725194
0 0.52286 0.496756 0.0547907 0.708658
0 0.759561 0.443455 0.0570856 0.754751
0 0.334686 0.532971 0.0536815 0.736972
0 0.712217 0.454018 0.0566763 0.75266
0 0.664702 0.455568 0.0570455 0.744411
0 0.80817 0.423221 0.05866 0.766112
0 0.0581654 0.593045 0.0554648 0.714724
0 0.381892 0.527319 0.0546537 0.732537
0 0.857382 0.421008 0.0589032 0.775132
0 0.57015 0.487397 0.0559372 0.716662
0 0.0207048 0.621285 0.0414095 0.717123
0 0.987715 0.371113 0.0237865 0.742226
