0 0.201864 0.522565 0.0586399 0.706954
0 0.256907 0.535385 0.0581056 0.697203
0 0.527536 0.572098 0.0565329 0.697228
0 0.473456 0.554822 0.0574185 0.710493
0 0.582674 0.575361 0.0598015 0.707205
0 0.311361 0.546553 0.0577272 0.691889
0 0.148036 0.504654 0.0576199 0.708363
0 0.852295 0.534513 0.0592361 0.830655
0 0.0939668 0.494752 0.0568107 0.722138
0 0.640447 0.564148 0.0567411 0.718636
0 0.419579 0.547101 0.0576185 0.708768
0 0.907176 0.544776 0.0582741 0.822161
0 0.36521 0.55291 0.0580417 0.683371
0 0.692804 0.568903 0.0563649 0.71929
0 0.746187 0.58748 0.0577183 0.707799
0 0.0389696 0.484795 0.0598857 0.737988
0 0.799695 0.530037 0.0548609 0.834876
0 0.960011 0.570125 0.055582 0.790875
0 0.00697901 0.48486 0.013958 0.77349
