0 0.332244 0.515382 0.0776007 0.969235
0 0.190714 0.577823 0.0758404 0.844355
0 0.260843 0.573081 0.0817921 0.853838
0 0.120218 0.543544 0.0759107 0.887599
0 0.469977 0.627784 0.0750654 0.685538
0 0.53963 0.62669 0.0676847 0.668067
0 0.397953 0.504152 0.0743876 0.950493
0 0.59943 0.619578 0.0622082 0.656204
0 0.0541882 0.551722 0.073214 0.896556
0 0.722923 0.698343 0.0697064 0.481626
0 0.659323 0.700326 0.0667318 0.485293
0 0.78856 0.699603 0.0674059 0.475018
0 0.971639 0.562454 0.0564547 0.708362
0 0.846503 0.69238 0.0572516 0.478182
0 0.0144029 0.554556 0.0288058 0.87686
0 0.89633 0.669556 0.043297 0.504367
0 0.930633 0.612945 0.0381527 0.61543
