0 0.453028 0.55263 0.0846091 0.498371
0 0.514552 0.570938 0.0890864 0.521685
0 0.651146 0.690353 0.22286 0.461361
0 0.872612 0.749876 0.254775 0.500248
0 0.666741 0.304861 0.218692 0.50278
0 0.395459 0.522997 0.0791523 0.510118
0 0.877581 0.310698 0.244839 0.562495
0 0.341764 0.515224 0.0679626 0.484775
0 0.303228 0.4961 0.0730021 0.481894
0 0.907996 0.324192 0.181198 0.513967
0 0.0382484 0.316032 0.0764969 0.632064
0 0.255358 0.369946 0.103231 0.690583
0 0.0357108 0.415583 0.0714217 0.452223
0 0.30012 0.407645 0.0693705 0.644858
0 0.191173 0.349628 0.117519 0.692836
0 0.105105 0.432827 0.117775 0.47512
0 0.476402 0.418317 0.204041 0.739838
0 0.124117 0.347282 0.17867 0.694564
0 0.314059 0.388207 0.0946592 0.680384
0 0.258015 0.456358 0.078788 0.504571
