0 0.460653 0.700122 0.0974859 0.523727
0 0.554371 0.711294 0.0979789 0.526341
0 0.366457 0.689378 0.0990366 0.526928
0 0.656708 0.265167 0.101192 0.430917
0 0.649488 0.723424 0.101109 0.528476
0 0.757553 0.265467 0.104818 0.439633
0 0.746699 0.732693 0.103407 0.523879
0 0.858259 0.274803 0.103267 0.429229
0 0.269324 0.660862 0.0995708 0.547002
0 0.847139 0.736959 0.10761 0.526082
0 0.175806 0.661197 0.0988388 0.518324
0 0.555621 0.249351 0.0988254 0.444485
0 0.378171 0.222384 0.102913 0.437996
0 0.947096 0.644307 0.102726 0.711386
0 0.0433458 0.656471 0.0859971 0.521043
0 0.473799 0.315266 0.0759012 0.284798
