0 0.752392 0.614269 0.101824 0.689559
0 0.65094 0.627539 0.104651 0.68958
0 0.168862 0.662303 0.0958156 0.668809
0 0.263018 0.657759 0.0978495 0.665395
0 0.853673 0.60028 0.103725 0.699325
0 0.0489551 0.685792 0.0542384 0.593007
0 0.0974966 0.664303 0.0528372 0.646239
0 0.513393 0.668468 0.171501 0.585128
0 0.939701 0.513118 0.0628822 0.901152
0 0.357304 0.657962 0.0883081 0.652886
0 0.981609 0.495655 0.0367819 0.915962
0 0.00883543 0.685624 0.0175675 0.607023
0 0.952721 0.499262 0.0915394 0.917488
