0 0.169889 0.438402 0.0757703 0.840468
0 0.602649 0.526995 0.0770955 0.892029
0 0.0358402 0.429634 0.0716804 0.859268
0 0.895716 0.553856 0.0799519 0.832631
0 0.822797 0.544796 0.079249 0.839426
0 0.454275 0.514495 0.0810295 0.889651
0 0.239614 0.450831 0.0751469 0.837903
0 0.530359 0.524049 0.0788696 0.888067
0 0.311282 0.460497 0.077083 0.828365
0 0.748673 0.547251 0.0798123 0.86823
0 0.381987 0.493342 0.077677 0.872175
0 0.675444 0.527264 0.0793347 0.8872
0 0.0997683 0.41866 0.0725142 0.83732
0 0.963047 0.562114 0.0697396 0.827178
