0 0.655667 0.525963 0.0602438 0.908826
0 0.488338 0.552028 0.0600923 0.84833
0 0.599633 0.527356 0.0580509 0.909433
0 0.822705 0.535892 0.059155 0.894301
0 0.712164 0.529617 0.0596476 0.901184
0 0.203711 0.512357 0.0614153 0.869795
0 0.767411 0.534114 0.0595507 0.89892
0 0.431841 0.539966 0.0584347 0.869146
0 0.376173 0.51251 0.0594872 0.900069
0 0.544777 0.524385 0.0604446 0.908385
0 0.318406 0.526953 0.0624676 0.88409
0 0.262579 0.522741 0.0579699 0.87795
0 0.877117 0.543609 0.0582833 0.873051
0 0.932329 0.539146 0.0607851 0.8716
0 0.0327829 0.491269 0.061456 0.874873
0 0.0909061 0.494717 0.0613951 0.88118
0 0.146771 0.509448 0.0594603 0.878458
0 0.00408443 0.482383 0.00816885 0.884826
