0 0.313451 0.491566 0.14293 0.913101
0 0.776681 0.57439 0.073722 0.85122
0 0.719296 0.56707 0.0763871 0.86586
0 0.833374 0.580487 0.0724052 0.839026
0 0.656147 0.553872 0.0831408 0.877804
0 0.597462 0.666044 0.0695415 0.653354
0 0.889848 0.594507 0.0671412 0.798006
0 0.536974 0.663339 0.0692121 0.635793
0 0.943389 0.585519 0.0652336 0.815701
0 0.0606859 0.464238 0.121372 0.921506
0 0.180312 0.479031 0.138031 0.91457
0 0.979978 0.581054 0.0400438 0.797542
0 0.411471 0.624415 0.0702825 0.727406
0 0.474302 0.641812 0.0728962 0.678861
