0 0.259608 0.714506 0.0616055 0.530477
0 0.88725 0.488556 0.0684406 0.858724
0 0.373747 0.685401 0.0606717 0.56073
0 0.770418 0.491821 0.0677112 0.8353
0 0.148544 0.728854 0.0619395 0.519826
0 0.829795 0.487444 0.0687562 0.836434
0 0.429383 0.675193 0.0612435 0.571048
0 0.597562 0.654848 0.0601503 0.591423
0 0.485804 0.669853 0.0603923 0.564444
0 0.713713 0.503321 0.0648569 0.838266
0 0.542267 0.66192 0.061125 0.582078
0 0.0382671 0.740659 0.0617208 0.497299
0 0.205103 0.724387 0.06038 0.519884
0 0.655951 0.514973 0.0675503 0.846499
0 0.316349 0.691101 0.0597254 0.557839
0 0.945656 0.480403 0.0731396 0.871452
0 0.0932875 0.733015 0.0614924 0.51702
0 0.983866 0.44126 0.0321142 0.882519
0 0.0079437 0.740948 0.0158358 0.499252
0 0.0072416 0.476299 0.0144819 0.810104
0 0.00710749 0.320456 0.0141928 0.490594
