0 0.474124 0.576606 0.0866754 0.846788
0 0.867364 0.528714 0.0937542 0.942572
0 0.950182 0.524999 0.0960205 0.950002
0 0.318304 0.571257 0.0853939 0.857487
0 0.78739 0.532766 0.0917689 0.934468
0 0.395513 0.546736 0.0901389 0.906528
0 0.549083 0.578127 0.0868875 0.843746
0 0.627309 0.569004 0.0907279 0.861993
0 0.241387 0.570767 0.0898383 0.858466
0 0.70637 0.561099 0.0939388 0.877802
0 0.163425 0.573893 0.0841759 0.845706
0 0.0880097 0.572386 0.0841122 0.848446
0 0.0291958 0.573608 0.0583917 0.83205
0 0.993369 0.527217 0.0129391 0.932938
