0 0.140124 0.378936 0.0904255 0.588655
0 0.387172 0.487584 0.0787833 0.541275
0 0.608652 0.590563 0.0740988 0.521973
0 0.677525 0.623261 0.070804 0.503318
0 0.2265 0.410852 0.0854278 0.572323
0 0.462456 0.521453 0.0760632 0.532132
0 0.880642 0.68916 0.0679455 0.515994
0 0.743167 0.649816 0.0656299 0.491082
0 0.0542906 0.338486 0.090047 0.592935
0 0.535526 0.560026 0.0739485 0.523884
0 0.807251 0.680639 0.0643344 0.487714
0 0.940393 0.715235 0.0602558 0.505889
0 0.308883 0.445868 0.0820346 0.56607
0 0.982407 0.734559 0.0351855 0.498679
0 0.00630856 0.289344 0.0125578 0.52165
