0 0.205426 0.518046 0.123584 0.841887
0 0.324806 0.499128 0.120072 0.834442
0 0.443351 0.473243 0.121027 0.836378
0 0.0832169 0.538393 0.12412 0.840792
0 0.828331 0.520813 0.0647507 0.531987
0 0.767081 0.539035 0.0605837 0.546342
0 0.709001 0.553528 0.0590822 0.537171
0 0.889893 0.504726 0.0618212 0.534383
0 0.651919 0.568272 0.05758 0.53767
0 0.947994 0.480695 0.0604725 0.550924
0 0.0123002 0.55099 0.0246003 0.841709
0 0.987502 0.471391 0.0249953 0.533512
0 0.544797 0.438945 0.0806468 0.847563
0 0.585853 0.422753 0.0504404 0.845505
