0 0.442269 0.634234 0.0868597 0.580289
0 0.859983 0.690146 0.0941933 0.592188
0 0.946367 0.701053 0.0949346 0.593677
0 0.361354 0.62436 0.086844 0.574613
0 0.523473 0.65936 0.0860487 0.602759
0 0.606006 0.656886 0.0887137 0.577811
0 0.773644 0.684581 0.092877 0.58435
0 0.689237 0.673949 0.0897076 0.586531
0 0.282249 0.613558 0.0849119 0.57999
0 0.121948 0.591172 0.0863104 0.555037
0 0.202286 0.590759 0.0856467 0.547756
0 0.0422816 0.581659 0.0844667 0.55674
0 0.993292 0.713129 0.0134162 0.570015
