0 0.649922 0.567564 0.0813726 0.779066
0 0.210581 0.518418 0.0792478 0.755013
0 0.35482 0.529957 0.0790175 0.757529
0 0.575788 0.560578 0.07951 0.768661
0 0.0708514 0.50191 0.0770176 0.728055
0 0.95691 0.602784 0.0839085 0.76818
0 0.283351 0.525735 0.0767772 0.764421
0 0.429482 0.539899 0.0795092 0.761198
0 0.725896 0.569187 0.0814844 0.77466
0 0.502437 0.55316 0.0779975 0.759536
0 0.80145 0.578231 0.080815 0.768181
0 0.139745 0.503098 0.0742924 0.737912
0 0.879989 0.585763 0.0846036 0.772554
0 0.0196273 0.496887 0.0392547 0.723801
