0 0.325288 0.602878 0.0604783 0.776019
0 0.270437 0.593463 0.0586219 0.781688
0 0.380243 0.610511 0.059048 0.738508
0 0.851584 0.62822 0.0563968 0.73033
0 0.902938 0.631998 0.0560893 0.730167
0 0.747276 0.632274 0.0587408 0.716563
0 0.216965 0.584767 0.0605957 0.780146
0 0.642781 0.619012 0.0572667 0.725709
0 0.695441 0.611498 0.0548748 0.736827
0 0.799925 0.635747 0.0561611 0.710947
0 0.435658 0.616804 0.0607109 0.73088
0 0.954959 0.637684 0.0564989 0.712185
0 0.161459 0.578603 0.0629293 0.79365
0 0.590487 0.615742 0.0561789 0.714921
0 0.535658 0.598854 0.0654289 0.731184
0 0.989738 0.551621 0.0201459 0.596984
0 0.0394816 0.533022 0.0788381 0.924796
0 0.071194 0.505687 0.142388 0.988625
0 0.101128 0.542147 0.067622 0.871922
0 0.0807203 0.525889 0.107539 0.904015
