0 0.398871 0.278845 0.261747 0.422215
0 0.668064 0.291686 0.253101 0.416052
0 0.435854 0.766074 0.205641 0.17357
0 0.147392 0.319838 0.270422 0.391912
0 0.416671 0.584982 0.227555 0.202305
0 0.0672814 0.90644 0.134563 0.179029
0 0.656458 0.775562 0.209426 0.166783
0 0.192105 0.604985 0.230796 0.207526
0 0.657166 0.596887 0.223074 0.201222
0 0.877187 0.711541 0.221469 0.362703
0 0.867028 0.36754 0.178051 0.336939
0 0.65768 0.918831 0.194444 0.136669
0 0.435991 0.910276 0.188849 0.138682
0 0.224261 0.772808 0.22199 0.162953
0 0.238274 0.92072 0.204856 0.147903
0 0.86104 0.918942 0.203815 0.152585
0 0.0561584 0.65281 0.112194 0.353944
0 0.972483 0.692378 0.0550339 0.615245
0 0.971529 0.821237 0.0569412 0.35712
