0 0.486689 0.456043 0.0628662 0.902033
0 0.200411 0.447541 0.0618034 0.861796
0 0.372171 0.442571 0.0637335 0.885142
0 0.544569 0.463721 0.0633225 0.906934
0 0.601766 0.472637 0.0600718 0.895633
0 0.429869 0.454216 0.0607071 0.884045
0 0.658234 0.469619 0.0631857 0.919308
0 0.142848 0.442134 0.0609416 0.82843
0 0.256795 0.442845 0.0612353 0.8723
0 0.905321 0.5 0.183316 1
0 0.314296 0.443712 0.0617396 0.883501
0 0.0871002 0.436649 0.0596354 0.828149
0 0.0300544 0.431337 0.0599787 0.828206
0 0.717661 0.475763 0.0625881 0.951526
0 0.779594 0.46719 0.0702133 0.926631
