0 0.429188 0.590884 0.058103 0.477405
0 0.895643 0.726569 0.070911 0.522313
0 0.075781 0.465686 0.0540444 0.485625
0 0.961884 0.739525 0.0669662 0.520951
0 0.375016 0.57616 0.0548299 0.482015
0 0.124017 0.479368 0.052295 0.474026
0 0.768142 0.687477 0.0606629 0.519639
0 0.272626 0.540866 0.051985 0.478915
0 0.828578 0.708149 0.0652684 0.515134
0 0.649857 0.634692 0.0626144 0.54658
0 0.322945 0.55408 0.0532133 0.480426
0 0.710194 0.662196 0.0614218 0.536338
0 0.485734 0.597374 0.0598298 0.514795
0 0.223986 0.529527 0.0545505 0.476497
0 0.59318 0.621271 0.0563543 0.539845
0 0.539707 0.543774 0.0542776 0.657176
0 0.17363 0.498828 0.0544553 0.508513
0 0.0290802 0.463227 0.0488139 0.454213
0 0.00491396 0.443022 0.00974298 0.467521
