0 0.0395401 0.665558 0.0776614 0.53096
0 0.160324 0.650727 0.0835589 0.607568
0 0.098233 0.674048 0.0814488 0.535855
0 0.44805 0.629858 0.06894 0.684601
0 0.338071 0.677057 0.0721344 0.575628
0 0.39263 0.550417 0.0766761 0.843808
0 0.749561 0.682649 0.242568 0.634703
0 0.0114427 0.677251 0.0228855 0.53914
0 0.252842 0.397589 0.0656737 0.457953
0 0.5509 0.510298 0.188127 0.975017
0 0.892514 0.834178 0.115917 0.32515
0 0.556788 0.743949 0.167851 0.50238
0 0.339008 0.558035 0.0719635 0.793572
0 0.98264 0.734833 0.034335 0.34163
0 0.17008 0.494727 0.334755 0.989454
0 0.392882 0.686234 0.0750095 0.583201
0 0.55509 0.633245 0.170472 0.714658
0 0.543818 0.289938 0.163239 0.494401
0 0.981416 0.573526 0.0371691 0.808707
