0 0.919045 0.666393 0.155972 0.514402
0 0.374391 0.608396 0.0620486 0.715432
0 0.205408 0.60716 0.0614601 0.740787
0 0.546009 0.60079 0.0655178 0.696184
0 0.431364 0.614767 0.0615813 0.695696
0 0.148648 0.597649 0.0622103 0.765773
0 0.263115 0.618118 0.0594502 0.714039
0 0.318144 0.600673 0.0611321 0.740553
0 0.0922259 0.616262 0.0633431 0.728128
0 0.603113 0.618165 0.0575676 0.630425
0 0.787958 0.464232 0.109194 0.535556
0 0.487602 0.598142 0.0609987 0.723697
0 0.658621 0.826477 0.0489691 0.219924
0 0.786854 0.829896 0.104715 0.208922
0 0.706516 0.82439 0.0506074 0.225784
0 0.036239 0.60795 0.0681846 0.759542
0 0.65871 0.55645 0.0541662 0.332927
0 0.682988 0.524498 0.105646 0.387674
0 0.708931 0.547223 0.052746 0.327519
0 0.00847057 0.611196 0.0168906 0.777609
0 0.803496 0.825263 0.0707161 0.203125
0 0.681787 0.444203 0.111572 0.55089
0 0.0116562 0.59493 0.0233124 0.78206
