0 0.82267 0.679484 0.0757923 0.616988
0 0.400345 0.673375 0.074133 0.630244
0 0.751188 0.679291 0.074508 0.613993
0 0.47019 0.672769 0.0743002 0.622775
0 0.894131 0.675619 0.0733673 0.618215
0 0.330222 0.686195 0.0737317 0.623669
0 0.0403682 0.698286 0.0803959 0.598349
0 0.67971 0.677222 0.0748085 0.624679
0 0.187981 0.69242 0.0754889 0.606815
0 0.116287 0.688068 0.0751777 0.616056
0 0.96329 0.672808 0.0708198 0.629067
0 0.538915 0.669671 0.0710137 0.614127
0 0.260143 0.692171 0.0750331 0.60809
0 0.608434 0.669798 0.0735984 0.617493
