0 0.0784985 0.593362 0.0795793 0.71413
0 0.148817 0.624818 0.0773004 0.672075
0 0.957896 0.66281 0.0842078 0.67213
0 0.655226 0.618197 0.0833786 0.723014
0 0.582806 0.609561 0.0802348 0.7404
0 0.290941 0.626592 0.0780007 0.667872
0 0.365509 0.634748 0.0802382 0.672654
0 0.882155 0.654451 0.0862478 0.687898
0 0.219263 0.619982 0.0801132 0.671008
0 0.508737 0.616734 0.0859333 0.738357
0 0.805392 0.650692 0.0855757 0.691125
0 0.730114 0.646902 0.0822442 0.693949
0 0.435799 0.630121 0.078071 0.683012
0 0.0241142 0.610921 0.0482283 0.683332
0 0.994958 0.679541 0.0100846 0.640917
