0 0.173611 0.649561 0.068795 0.639052
0 0.238428 0.639487 0.0691303 0.637427
0 0.110095 0.653012 0.0678725 0.648643
0 0.543989 0.575429 0.0635409 0.622534
0 0.365796 0.574549 0.0663387 0.70232
0 0.730305 0.555192 0.0650812 0.603785
0 0.426562 0.598946 0.0649391 0.679006
0 0.665151 0.569645 0.0675165 0.600861
0 0.60322 0.570864 0.0640911 0.60864
0 0.302521 0.604332 0.0677847 0.679149
0 0.486214 0.583212 0.0624386 0.624875
0 0.0463295 0.659427 0.0701609 0.658137
0 0.787947 0.562639 0.0602502 0.578109
0 0.843261 0.567017 0.0591358 0.561753
0 0.896852 0.55737 0.0574501 0.563689
0 0.959421 0.604854 0.0745178 0.441999
