0 0.944949 0.301855 0.0906416 0.494607
0 0.863261 0.303803 0.089143 0.492512
0 0.622551 0.743451 0.082226 0.444511
0 0.697057 0.747591 0.0841629 0.450532
0 0.549475 0.735455 0.0815275 0.433004
0 0.552088 0.29537 0.0858104 0.473864
0 0.783317 0.298989 0.0913252 0.492187
0 0.478284 0.2945 0.084861 0.472458
0 0.77617 0.754237 0.0886081 0.450532
0 0.704295 0.298817 0.0869649 0.479033
0 0.19354 0.708063 0.0809105 0.439172
0 0.406457 0.729357 0.0811439 0.436035
0 0.627804 0.296741 0.0863552 0.485279
0 0.477932 0.731785 0.0818511 0.434894
0 0.117676 0.266168 0.0844075 0.476104
0 0.855378 0.766175 0.087245 0.461199
0 0.405683 0.29284 0.0840846 0.469131
0 0.261895 0.273932 0.0841531 0.47304
0 0.333658 0.285016 0.084097 0.472095
0 0.189547 0.268048 0.0848893 0.469331
0 0.123037 0.704969 0.0804343 0.427264
0 0.0463768 0.259178 0.0847818 0.485017
0 0.336305 0.72547 0.0804339 0.434518
0 0.265394 0.717751 0.0819557 0.438435
0 0.054196 0.699159 0.0769692 0.42569
0 0.933755 0.77002 0.0868553 0.45996
0 0.983623 0.769437 0.0327545 0.461125
0 0.0127673 0.675089 0.0255346 0.425987
0 0.992313 0.298079 0.0149824 0.474011
