0 0.78218 0.65767 0.0507332 0.499607
0 0.683333 0.620121 0.0526078 0.52071
0 0.174208 0.407486 0.0646284 0.590426
0 0.350895 0.480149 0.0601041 0.55167
0 0.733255 0.64431 0.0548001 0.511138
0 0.111189 0.38289 0.0684281 0.60451
0 0.234524 0.432 0.0629734 0.572951
0 0.467212 0.530959 0.0554804 0.537008
0 0.293055 0.458144 0.0597854 0.558203
0 0.412122 0.509183 0.0597075 0.544737
0 0.573191 0.576503 0.0569353 0.524854
0 0.633192 0.604051 0.0549395 0.519969
0 0.829052 0.674344 0.0513573 0.495466
0 0.519703 0.552918 0.0551924 0.529174
0 0.875264 0.694974 0.0500339 0.499471
0 0.0472943 0.357099 0.0690268 0.60695
0 0.921791 0.711555 0.0532986 0.476988
0 0.968296 0.730589 0.0540898 0.483457
0 0.0095196 0.347529 0.0190098 0.598724
0 0.992318 0.743764 0.0153107 0.502084
0 0.994759 0.73972 0.010482 0.481597
