0 0.399758 0.540914 0.0823051 0.544579
0 0.182525 0.476033 0.076676 0.495652
0 0.477945 0.564183 0.084493 0.554788
0 0.644614 0.607526 0.0909687 0.572042
0 0.559061 0.583533 0.089087 0.561913
0 0.114645 0.46024 0.0738019 0.489922
0 0.913328 0.684975 0.11695 0.599165
0 0.253592 0.497726 0.0797674 0.517132
0 0.326818 0.514428 0.0768004 0.541632
0 0.733322 0.628129 0.0932335 0.574125
0 0.0483101 0.43882 0.0704925 0.486452
0 0.984148 0.703637 0.0317038 0.592727
0 0.0103433 0.424692 0.0206865 0.483562
