0 0.469708 0.540962 0.0765571 0.712264
0 0.255905 0.59728 0.077382 0.677263
0 0.540659 0.533679 0.0777292 0.701096
0 0.326997 0.57848 0.0771417 0.681253
0 0.827858 0.479541 0.076594 0.694657
0 0.900673 0.459868 0.0803245 0.710843
0 0.114708 0.622105 0.0790744 0.686693
0 0.186287 0.610664 0.0758668 0.666937
0 0.398244 0.568013 0.0759093 0.689681
0 0.0404028 0.639613 0.0792184 0.689027
0 0.612557 0.525486 0.075305 0.691999
0 0.756961 0.493842 0.0777378 0.699479
0 0.684531 0.512923 0.078011 0.687293
0 0.967316 0.446592 0.0653689 0.716112
