0 0.390082 0.755724 0.110681 0.42955
0 0.601287 0.732728 0.104414 0.420916
0 0.155312 0.342627 0.120472 0.549443
0 0.272504 0.327207 0.11778 0.533101
0 0.49662 0.755287 0.104449 0.407694
0 0.921985 0.260003 0.112309 0.487902
0 0.275949 0.772631 0.114584 0.417627
0 0.388116 0.315611 0.113185 0.531369
0 0.0497725 0.339183 0.0994252 0.581128
0 0.705294 0.712225 0.103553 0.432329
0 0.810566 0.706918 0.102701 0.424368
0 0.912499 0.692735 0.106785 0.429428
0 0.815694 0.270438 0.104838 0.507575
0 0.710675 0.263164 0.106771 0.518725
0 0.496393 0.326932 0.105139 0.475645
0 0.605065 0.319625 0.108617 0.46633
0 0.162949 0.786176 0.116112 0.397356
0 0.050622 0.790467 0.101244 0.385817
0 0.979065 0.466244 0.0417564 0.921189
