0 0.353081 0.326856 0.143787 0.527381
0 0.357664 0.727167 0.140759 0.414578
0 0.487128 0.317947 0.127803 0.481797
0 0.610495 0.299946 0.123752 0.430807
0 0.48948 0.692019 0.124623 0.38547
0 0.72417 0.26217 0.115167 0.429909
0 0.612476 0.657587 0.120401 0.389538
0 0.725968 0.616285 0.11053 0.373471
0 0.835003 0.534974 0.115223 0.452202
0 0.211527 0.533602 0.068688 0.832349
0 0.939991 0.551301 0.101546 0.339819
0 0.126497 0.548541 0.0667787 0.819219
0 0.930116 0.221739 0.135916 0.414768
0 0.262311 0.523003 0.059719 0.817494
0 0.0410708 0.579169 0.0699939 0.841662
0 0.168693 0.538631 0.0520146 0.817488
0 0.0123448 0.584252 0.0246897 0.831496
0 0.0818905 0.566665 0.0543513 0.838921
0 0.99333 0.542808 0.013015 0.312623
