0 0.322275 0.450636 0.0545171 0.533038
0 0.101806 0.347987 0.0611966 0.577134
0 0.269722 0.428796 0.0567431 0.54527
0 0.215089 0.401409 0.0587636 0.556215
0 0.643599 0.631514 0.042035 0.466054
0 0.603851 0.603188 0.0443041 0.47588
0 0.723078 0.662722 0.0424013 0.450388
0 0.159392 0.373226 0.0611491 0.568731
0 0.519093 0.556367 0.0453457 0.5137
0 0.682982 0.650236 0.0443579 0.454642
0 0.372301 0.480141 0.05169 0.536369
0 0.0429749 0.322038 0.0636803 0.575598
0 0.761486 0.68019 0.0410093 0.433911
0 0.79783 0.691158 0.0389159 0.427377
0 0.562082 0.576214 0.0440471 0.490256
0 0.420277 0.504655 0.0500497 0.501185
0 0.471705 0.546016 0.055399 0.509706
0 0.971473 0.769252 0.0383965 0.383042
0 0.833342 0.71274 0.0391954 0.423919
0 0.00767547 0.307644 0.0152908 0.569251
0 0.937462 0.75844 0.0343378 0.391546
0 0.992785 0.781512 0.0140871 0.37937
