0 0.463817 0.67272 0.0484564 0.546285
0 0.248355 0.647877 0.0488593 0.551954
0 0.291877 0.647823 0.047917 0.541643
0 0.337128 0.652014 0.0529777 0.558069
0 0.420212 0.66149 0.0503786 0.559774
0 0.161944 0.643417 0.0475321 0.536732
0 0.118494 0.64053 0.0490979 0.52847
0 0.659701 0.590968 0.0494807 0.742399
0 0.613518 0.582779 0.0554612 0.770122
0 0.205335 0.636776 0.0488124 0.564321
0 0.566547 0.579979 0.0528141 0.745887
0 0.742248 0.611412 0.0481553 0.71648
0 0.70174 0.596933 0.0506062 0.740157
0 0.516462 0.683761 0.057927 0.545778
0 0.0750349 0.636649 0.0467286 0.531733
0 0.977287 0.697919 0.0454269 0.604161
0 0.934963 0.728913 0.0706856 0.542175
0 0.867112 0.723975 0.0680275 0.55205
0 0.0280904 0.607528 0.0554771 0.589198
