0 0.413717 0.422137 0.162113 0.488938
0 0.905803 0.366974 0.169236 0.467654
0 0.0980434 0.445299 0.18869 0.47788
0 0.911131 0.766529 0.159588 0.394827
0 0.752043 0.737293 0.160453 0.313704
0 0.416515 0.81175 0.151249 0.376501
0 0.741846 0.369426 0.167556 0.475634
0 0.570179 0.771398 0.159727 0.43472
0 0.265885 0.398147 0.141905 0.41818
0 0.257113 0.744872 0.161608 0.34736
0 0.574774 0.357933 0.173096 0.533469
0 0.0928041 0.822431 0.17575 0.355139
0 0.173805 0.825527 0.339413 0.348947
0 0.575305 0.504736 0.173414 0.827859
