0 0.601545 0.551817 0.076365 0.896366
0 0.326425 0.54294 0.076651 0.913573
0 0.394497 0.544319 0.0764916 0.911362
0 0.875286 0.543461 0.0781475 0.913079
0 0.116971 0.544799 0.0806511 0.910402
0 0.466215 0.543046 0.0763877 0.901234
0 0.803538 0.550205 0.0772802 0.884556
0 0.255868 0.542648 0.0791379 0.914704
0 0.669507 0.553044 0.0768848 0.893913
0 0.186012 0.543407 0.0795472 0.913185
0 0.534842 0.547615 0.0760689 0.904771
0 0.0513741 0.549717 0.079073 0.900566
0 0.736738 0.557939 0.0781765 0.884123
0 0.942304 0.540083 0.0759085 0.904598
0 0.0135633 0.55453 0.0271267 0.884273
0 0.984771 0.556824 0.0304585 0.88554
