0 0.11035 0.541989 0.057829 0.609561
0 0.43027 0.616056 0.055002 0.590945
0 0.271927 0.570304 0.0572085 0.608233
0 0.377281 0.605652 0.0556914 0.594726
0 0.324702 0.589723 0.055787 0.59839
0 0.482793 0.618297 0.0548708 0.587354
0 0.0553994 0.528089 0.0579705 0.620947
0 0.164877 0.550805 0.0563442 0.615062
0 0.217652 0.563337 0.056219 0.624808
0 0.585055 0.641811 0.0549825 0.603288
0 0.637763 0.646988 0.0546189 0.614161
0 0.955926 0.699409 0.0550648 0.591442
0 0.902363 0.696079 0.0582263 0.593316
0 0.534274 0.630435 0.0512093 0.589441
0 0.848001 0.688016 0.0558959 0.598059
0 0.797311 0.662482 0.052103 0.630381
0 0.989951 0.70245 0.0200986 0.582214
0 0.754693 0.613477 0.0455867 0.673042
