0 0.136634 0.313605 0.0853184 0.528989
0 0.221938 0.342993 0.0825391 0.504154
0 0.386638 0.404358 0.0803739 0.500408
0 0.0499957 0.272642 0.0860553 0.531867
0 0.540702 0.431148 0.0718285 0.439707
0 0.304807 0.373275 0.0817776 0.497345
0 0.624993 0.455899 0.0759554 0.396506
0 0.465127 0.384649 0.0752248 0.478129
0 0.701084 0.505374 0.07343 0.425867
0 0.854889 0.517367 0.0714783 0.430346
0 0.979129 0.686828 0.0417175 0.626344
0 0.924586 0.545857 0.0677057 0.42422
0 0.776709 0.628761 0.0816098 0.7124
0 0.778441 0.498535 0.0778191 0.453993
0 0.85336 0.650793 0.0756079 0.691672
0 0.0651242 0.508048 0.125 0.978019
