0 0.504407 0.508389 0.0585833 0.983222
0 0.6753 0.493254 0.0561323 0.971831
0 0.633916 0.502005 0.056325 0.995991
0 0.159088 0.529555 0.0610141 0.94089
0 0.202904 0.531168 0.0612403 0.937665
0 0.547041 0.511782 0.0569996 0.976436
0 0.590553 0.502665 0.0590128 0.994669
0 0.460998 0.507706 0.0573849 0.984589
0 0.759605 0.489668 0.054859 0.96922
0 0.800213 0.484771 0.0560914 0.969543
0 0.37321 0.553955 0.0575787 0.89209
0 0.717939 0.489492 0.0558298 0.953509
0 0.32894 0.557117 0.0556919 0.885766
0 0.248517 0.577789 0.057035 0.83948
0 0.843323 0.489153 0.0581357 0.962316
0 0.115831 0.534802 0.0620637 0.930395
0 0.929001 0.495982 0.0600624 0.973916
0 0.417229 0.517788 0.0591703 0.964424
0 0.88526 0.494097 0.0580721 0.975151
0 0.069338 0.538087 0.0644685 0.923826
0 0.28821 0.559156 0.0544032 0.881206
0 0.0293068 0.528643 0.0583462 0.942714
0 0.969172 0.48998 0.0606358 0.979959
0 0.0104858 0.551185 0.0209137 0.897629
0 0.991394 0.509926 0.0171882 0.980148
0 0.993947 0.485483 0.0120522 0.970802
