0 0.543736 0.496761 0.0772537 0.950061
0 0.193015 0.668547 0.0741995 0.641575
0 0.473174 0.501554 0.0770023 0.937551
0 0.612784 0.494819 0.0751108 0.959442
0 0.266097 0.664099 0.0747074 0.649171
0 0.123752 0.673663 0.0742649 0.644121
0 0.0544009 0.674906 0.0722691 0.637009
0 0.335969 0.658715 0.0741531 0.63725
0 0.681711 0.495936 0.0773908 0.952885
0 0.751559 0.629294 0.073742 0.673172
0 0.404289 0.657436 0.0710852 0.64736
0 0.927479 0.569192 0.0741696 0.822674
0 0.821219 0.622528 0.0745251 0.663597
0 0.0117568 0.697564 0.0234638 0.604872
0 0.979705 0.571469 0.040589 0.837665
0 0.870526 0.601166 0.0407894 0.731279
