0 0.674158 0.761613 0.217921 0.476775
0 0.456781 0.649716 0.081167 0.676599
0 0.530454 0.651619 0.0807764 0.670699
0 0.379088 0.636926 0.0893383 0.699827
0 0.683139 0.298892 0.215902 0.507567
0 0.881787 0.751843 0.212627 0.492786
0 0.227318 0.623078 0.0881333 0.726127
0 0.151416 0.613055 0.0736989 0.725486
0 0.295963 0.624461 0.0745932 0.707271
0 0.884591 0.29407 0.205174 0.493032
0 0.087707 0.620392 0.0766605 0.726257
0 0.0344186 0.604193 0.057134 0.743847
0 0.0109991 0.60564 0.0219982 0.734853
0 0.0929431 0.600079 0.181834 0.770799
0 0.988726 0.398479 0.0225489 0.725956
0 0.989177 0.290508 0.0216454 0.531258
0 0.989217 0.769916 0.0211291 0.448966
0 0.989484 0.628494 0.021032 0.743011
