0 0.20174 0.620629 0.0872344 0.758742
0 0.502704 0.600875 0.0778114 0.786653
0 0.432379 0.614211 0.0768223 0.771579
0 0.358704 0.586827 0.0818737 0.826346
0 0.11992 0.629363 0.0866246 0.741273
0 0.278528 0.555441 0.0795336 0.889119
0 0.661703 0.58242 0.078447 0.803506
0 0.944644 0.495624 0.072571 0.788745
0 0.876087 0.490409 0.0739171 0.822125
0 0.0393712 0.543155 0.0780044 0.91369
0 0.985167 0.503933 0.0296665 0.755335
0 0.579946 0.550506 0.0859662 0.891273
0 0.989394 0.47774 0.0212113 0.813915
