0 0.442305 0.349152 0.230874 0.496057
0 0.218317 0.366754 0.232973 0.470725
0 0.880458 0.395063 0.232124 0.438855
0 0.661988 0.368594 0.229641 0.466553
0 0.662034 0.684472 0.205976 0.224803
0 0.456505 0.686826 0.209197 0.232141
0 0.656993 0.877498 0.20168 0.228062
0 0.865039 0.685803 0.204899 0.228458
0 0.853709 0.881543 0.20122 0.236914
0 0.0804183 0.747955 0.160837 0.466114
0 0.45824 0.879356 0.198306 0.216291
0 0.243255 0.685222 0.216943 0.23149
0 0.255432 0.876021 0.211015 0.222568
0 0.972352 0.795024 0.0552968 0.409952
0 0.0629445 0.263686 0.124995 0.527372
