0 0.844779 0.711653 0.0835396 0.569368
0 0.297062 0.711922 0.0852207 0.56662
0 0.219292 0.712147 0.0833973 0.571518
0 0.375668 0.709789 0.0851353 0.572007
0 0.605929 0.695583 0.0853241 0.60099
0 0.529364 0.69708 0.0848807 0.597
0 0.45317 0.709033 0.0837584 0.576502
0 0.921708 0.71303 0.0825043 0.558895
0 0.68085 0.699071 0.0831312 0.598237
0 0.764401 0.708124 0.0903324 0.573907
0 0.0526985 0.70641 0.0850512 0.587181
0 0.135767 0.71382 0.095632 0.561458
0 0.977235 0.711339 0.0454833 0.557263
0 0.00833909 0.692975 0.0166782 0.579257
