0 0.0955005 0.512842 0.0728688 0.951164
0 0.229299 0.546238 0.0755047 0.859987
0 0.297534 0.543793 0.0732117 0.853511
0 0.0336341 0.51637 0.0672682 0.942656
0 0.161103 0.532092 0.0761585 0.891138
0 0.503675 0.586611 0.0753786 0.794216
0 0.434481 0.576052 0.0750107 0.813826
0 0.365305 0.550895 0.073033 0.7797
0 0.576146 0.583057 0.0777597 0.801653
0 0.864114 0.613882 0.0757858 0.740514
0 0.645343 0.586428 0.0729534 0.801062
0 0.790701 0.599201 0.0843378 0.764913
0 0.715745 0.590404 0.0815642 0.792625
0 0.936247 0.663632 0.0862965 0.644929
