0 0.772533 0.548338 0.0857544 0.855827
0 0.694039 0.556654 0.0878635 0.855037
0 0.612826 0.556188 0.0915393 0.844718
0 0.260321 0.55498 0.0959222 0.843643
0 0.442249 0.556682 0.0957292 0.822687
0 0.348581 0.542061 0.0935776 0.863573
0 0.85151 0.550845 0.0887822 0.8613
0 0.934928 0.553422 0.0978251 0.864492
0 0.530769 0.557803 0.0943813 0.823155
0 0.161409 0.54024 0.0974425 0.858995
0 0.0554728 0.530863 0.10568 0.893551
0 0.989509 0.553066 0.0209825 0.893869
0 0.00946584 0.533198 0.0189317 0.882144
