0 0.451356 0.49552 0.0796381 0.874424
0 0.584425 0.505208 0.0793355 0.785366
0 0.908284 0.447267 0.0783871 0.78218
0 0.518054 0.513207 0.0764549 0.800384
0 0.382024 0.519606 0.0838847 0.83452
0 0.313 0.527776 0.0873994 0.841745
0 0.716164 0.487194 0.0768849 0.760431
0 0.779896 0.467732 0.0751039 0.791208
0 0.844436 0.461416 0.0772427 0.774038
0 0.650301 0.497455 0.0771479 0.767309
0 0.0955431 0.551513 0.0848329 0.823007
0 0.166703 0.537072 0.0818225 0.818238
0 0.23858 0.53006 0.0876417 0.844512
0 0.966393 0.431268 0.0672138 0.777983
0 0.0334536 0.574139 0.0669072 0.815449
