0 0.71546 0.487543 0.086719 0.839965
0 0.796597 0.499235 0.0910848 0.871137
0 0.883141 0.528665 0.0980889 0.882154
0 0.346832 0.424056 0.0753011 0.73637
0 0.481661 0.444421 0.0803761 0.784427
0 0.960988 0.532616 0.0780238 0.920565
0 0.412847 0.43421 0.0692251 0.75339
0 0.221143 0.396971 0.0743509 0.693913
0 0.631936 0.470935 0.0868223 0.826836
0 0.159438 0.387736 0.0650947 0.669914
0 0.557045 0.459848 0.0756964 0.808231
0 0.102403 0.372122 0.0695271 0.67127
0 0.283789 0.407361 0.061348 0.71445
0 0.0477982 0.366257 0.0614924 0.641332
0 0.0137272 0.348388 0.0274545 0.630327
