0 0.156604 0.570214 0.045766 0.806255
0 0.249128 0.551755 0.0566177 0.818663
0 0.199895 0.557792 0.0524454 0.829043
0 0.934723 0.379312 0.0753109 0.713732
0 0.796444 0.439556 0.0690539 0.652184
0 0.864924 0.416357 0.0698906 0.677173
0 0.446968 0.59076 0.0569225 0.622823
0 0.734894 0.474291 0.0556385 0.584665
0 0.119295 0.586694 0.0411064 0.775772
0 0.330971 0.64418 0.0667545 0.596481
0 0.392397 0.616307 0.0587781 0.612448
0 0.676368 0.505442 0.0627964 0.607073
0 0.0763606 0.615754 0.0545106 0.768493
0 0.49555 0.588306 0.0469712 0.579672
0 0.539783 0.57293 0.0461258 0.579209
0 0.0347715 0.615005 0.044292 0.738722
0 0.617066 0.577537 0.056017 0.502818
0 0.575317 0.588327 0.0297821 0.506831
0 0.284947 0.561614 0.032831 0.759062
0 0.00647428 0.627221 0.0128315 0.738193
