0 0.39888 0.728259 0.173306 0.46226
0 0.222971 0.29618 0.183525 0.52094
0 0.22887 0.749817 0.172384 0.45678
0 0.570358 0.693619 0.171839 0.480682
0 0.400454 0.278364 0.17659 0.515382
0 0.568915 0.246995 0.167221 0.487967
0 0.813102 0.437543 0.0762619 0.875085
0 0.0655219 0.367991 0.131044 0.634489
0 0.0729915 0.809832 0.144641 0.374438
0 0.935328 0.429522 0.0709006 0.8549
0 0.873566 0.436349 0.0682247 0.862006
0 0.756127 0.438932 0.0585138 0.877864
0 0.980992 0.445204 0.0379268 0.804122
0 0.700751 0.442845 0.073262 0.88569
