0 0.278285 0.667661 0.158622 0.161313
0 0.267796 0.444447 0.173486 0.301234
0 0.596217 0.457102 0.162933 0.324945
0 0.593846 0.689923 0.158014 0.157719
0 0.435791 0.689662 0.156002 0.154505
0 0.75146 0.670767 0.15258 0.187012
0 0.280497 0.817395 0.155539 0.154283
0 0.59043 0.832254 0.156096 0.143181
0 0.435333 0.829462 0.153895 0.137828
0 0.910268 0.613831 0.164816 0.326004
0 0.742858 0.828827 0.145612 0.142415
0 0.907912 0.836555 0.173475 0.146451
0 0.753942 0.424928 0.159145 0.312776
0 0.0919769 0.479706 0.18212 0.319887
0 0.435949 0.401187 0.163232 0.433372
0 0.113434 0.699519 0.162511 0.143938
0 0.125529 0.851818 0.159394 0.180165
0 0.0431573 0.0962751 0.0858727 0.185063
