0 0.376975 0.657807 0.057696 0.645263
0 0.476573 0.645509 0.0569733 0.64242
0 0.327724 0.658061 0.0578763 0.651145
0 0.426743 0.648322 0.057959 0.658882
0 0.873765 0.641758 0.0566921 0.625413
0 0.7741 0.64566 0.0588959 0.631331
0 0.526194 0.656005 0.0569969 0.625276
0 0.277426 0.655798 0.0592272 0.67768
0 0.722763 0.653661 0.0569433 0.632912
0 0.673822 0.65812 0.0560286 0.63004
0 0.82367 0.64636 0.0571917 0.629608
0 0.575221 0.662644 0.0550123 0.615821
0 0.922946 0.640719 0.0565193 0.622269
0 0.0888203 0.518872 0.0670773 0.897052
0 0.0337086 0.523886 0.0672827 0.896876
0 0.971128 0.643576 0.0577433 0.617681
0 0.623669 0.666448 0.0564458 0.623924
0 0.22842 0.646617 0.0580096 0.659941
0 0.144417 0.500532 0.0705027 0.931221
0 0.994388 0.64426 0.0112244 0.607732
0 0.00525322 0.617619 0.0105064 0.700959
