0 0.0976549 0.57889 0.071639 0.799995
0 0.156905 0.576593 0.0698935 0.792524
0 0.03667 0.569636 0.072222 0.809394
0 0.216193 0.572254 0.0691615 0.794555
0 0.710435 0.579204 0.0632642 0.73265
0 0.387431 0.574483 0.06519 0.788025
0 0.274502 0.575864 0.068139 0.789218
0 0.442258 0.566823 0.0638088 0.796523
0 0.551563 0.586033 0.0640408 0.75014
0 0.497434 0.57034 0.0643551 0.786742
0 0.605342 0.587216 0.0614205 0.732752
0 0.330896 0.569879 0.0658867 0.794525
0 0.657303 0.585928 0.0610776 0.741344
0 0.763115 0.580007 0.0614466 0.730506
0 0.814942 0.574925 0.0614161 0.728518
0 0.865489 0.576663 0.0595136 0.729991
0 0.914516 0.643273 0.0582145 0.611535
0 0.964054 0.665734 0.0575004 0.549109
0 0.99033 0.673468 0.0193407 0.54604
0 0.00431775 0.582278 0.00863549 0.779952
