0 0.689094 0.634672 0.0599786 0.672227
0 0.634684 0.631979 0.0580379 0.653773
0 0.743334 0.633589 0.0587669 0.671719
0 0.108072 0.481276 0.0651846 0.918813
0 0.524979 0.637186 0.0591887 0.666367
0 0.05615 0.471891 0.0593676 0.902787
0 0.416477 0.656614 0.0606155 0.632953
0 0.307458 0.648665 0.0603923 0.643082
0 0.579465 0.633768 0.0604433 0.671762
0 0.362142 0.657584 0.0570778 0.632156
0 0.797987 0.636178 0.0610825 0.663537
0 0.853933 0.635122 0.0608469 0.664346
0 0.909447 0.641703 0.0581793 0.654514
0 0.252129 0.638251 0.0583678 0.64939
0 0.471167 0.652038 0.0584214 0.624095
0 0.0185439 0.474983 0.0370878 0.909516
0 0.964595 0.637324 0.0629787 0.663726
0 0.176993 0.613997 0.0612838 0.690002
0 0.994827 0.647434 0.0102785 0.635837
