0 0.565356 0.212021 0.254302 0.287992
0 0.299308 0.475514 0.268969 0.215451
0 0.95133 0.559357 0.0804524 0.196708
0 0.876589 0.566233 0.0797843 0.199657
0 0.301253 0.674466 0.273023 0.217405
0 0.303042 0.234323 0.275314 0.302871
0 0.958532 0.366602 0.0808181 0.190771
0 0.561036 0.447998 0.25127 0.200714
0 0.0859137 0.711194 0.171827 0.214198
0 0.0820954 0.246154 0.164191 0.333117
0 0.557944 0.631092 0.24097 0.191045
0 0.879516 0.371217 0.0830757 0.193628
0 0.764263 0.144452 0.159741 0.256377
0 0.0843118 0.508562 0.168624 0.230819
0 0.0908693 0.888862 0.181739 0.186338
0 0.719889 0.581129 0.084117 0.205277
0 0.797762 0.569144 0.0825398 0.206995
0 0.30948 0.852277 0.262054 0.192244
0 0.765643 0.36805 0.153162 0.200532
0 0.920717 0.139817 0.157931 0.279634
0 0.559922 0.785037 0.241141 0.158102
0 0.94394 0.741419 0.0778667 0.176062
0 0.868152 0.74866 0.0795456 0.17265
0 0.789549 0.755026 0.0800948 0.172135
0 0.714846 0.765423 0.0776411 0.172071
0 0.725511 0.374726 0.0773062 0.202007
