0 0.0335849 0.619139 0.0669077 0.688891
0 0.500879 0.885092 0.0575091 0.201542
0 0.615699 0.896812 0.0574889 0.187795
0 0.0938412 0.561589 0.0691099 0.806347
0 0.557087 0.897786 0.0567526 0.181807
0 0.277829 0.576559 0.0660824 0.789777
0 0.156683 0.556555 0.0745978 0.815843
0 0.636422 0.333902 0.117778 0.41692
0 0.670033 0.669253 0.0577389 0.267345
0 0.670924 0.897083 0.055008 0.190981
0 0.335455 0.567808 0.0695262 0.824378
0 0.556181 0.665744 0.0614834 0.280681
0 0.615888 0.664122 0.055247 0.266313
0 0.39122 0.667418 0.0626397 0.630009
0 0.444229 0.670169 0.0547748 0.61544
0 0.907564 0.513905 0.184873 0.919748
0 0.443536 0.86445 0.05562 0.227389
0 0.413773 0.670221 0.112163 0.626369
0 0.52293 0.491263 0.108488 0.616444
0 0.555807 0.492691 0.0621179 0.611326
0 0.907041 0.852791 0.181041 0.271335
0 0.528139 0.543538 0.118528 0.811032
0 0.784058 0.632275 0.0567489 0.246398
