0 0.729554 0.295709 0.152405 0.325911
0 0.373956 0.553319 0.060205 0.484832
0 0.850203 0.232848 0.107117 0.277424
0 0.0247015 0.768649 0.0494031 0.449166
0 0.26955 0.648278 0.0581066 0.395503
0 0.424499 0.493506 0.0563854 0.544102
0 0.21592 0.697626 0.0618512 0.357174
0 0.85208 0.433988 0.0953449 0.164739
0 0.472227 0.489488 0.052931 0.49364
0 0.321475 0.564361 0.059913 0.51635
0 0.07002 0.733297 0.0580578 0.444424
0 0.164332 0.724241 0.0573114 0.358026
0 0.117219 0.743106 0.054293 0.383931
0 0.650357 0.468659 0.0430305 0.335614
0 0.738696 0.508812 0.133877 0.175493
0 0.517038 0.468017 0.0546909 0.48341
0 0.609701 0.418319 0.0464256 0.476739
0 0.947629 0.301867 0.101085 0.304917
0 0.556034 0.409247 0.0449211 0.476927
