0 0.842436 0.53886 0.0874838 0.871193
0 0.668259 0.531497 0.0910131 0.883151
0 0.245687 0.507859 0.0871903 0.849712
0 0.416039 0.529718 0.0848214 0.827575
0 0.161973 0.50017 0.0879673 0.852174
0 0.582447 0.527422 0.0866365 0.875276
0 0.499582 0.520569 0.0870091 0.875464
0 0.756246 0.535686 0.0903736 0.882788
0 0.0793333 0.495067 0.0862395 0.840272
0 0.331038 0.519742 0.0896657 0.846748
0 0.92461 0.535385 0.0827149 0.88791
0 0.0196129 0.493798 0.0392258 0.81946
0 0.9803 0.45689 0.0393017 0.885034
