0 0.780245 0.598616 0.0558681 0.694145
0 0.730178 0.606604 0.0560484 0.692493
0 0.246208 0.626736 0.0572129 0.710093
0 0.682545 0.609675 0.0533423 0.678114
0 0.827861 0.605132 0.0545553 0.674214
0 0.158248 0.548137 0.07406 0.860816
0 0.635046 0.605282 0.0531774 0.687437
0 0.295636 0.620319 0.056491 0.716216
0 0.587133 0.608368 0.0518174 0.686457
0 0.490846 0.623892 0.0547834 0.67382
0 0.539887 0.611302 0.0540741 0.686382
0 0.344712 0.620873 0.0552698 0.705867
0 0.0996657 0.562943 0.0594927 0.827722
0 0.442368 0.617088 0.0512357 0.681795
0 0.923176 0.505652 0.0616837 0.866281
0 0.873294 0.610671 0.0539849 0.662863
0 0.39589 0.596551 0.0536597 0.73795
0 0.971205 0.501738 0.0561667 0.881716
0 0.04518 0.514485 0.0670414 0.920706
0 0.0107457 0.52026 0.0214915 0.912469
0 0.993144 0.491343 0.0137123 0.896231
