0 0.145939 0.546211 0.0656871 0.730355
0 0.800007 0.650852 0.0579765 0.669646
0 0.270677 0.569684 0.0628473 0.71875
0 0.20886 0.566753 0.0661792 0.710695
0 0.0834904 0.544554 0.0657044 0.725536
0 0.331555 0.569879 0.0640997 0.713792
0 0.629011 0.617657 0.0645485 0.680642
0 0.857478 0.656548 0.0620705 0.672803
0 0.0269623 0.537786 0.0539246 0.7135
0 0.508342 0.59457 0.0650995 0.70213
0 0.448599 0.557052 0.0588246 0.75219
0 0.390669 0.555296 0.0610901 0.747945
0 0.687863 0.623926 0.0595175 0.666586
0 0.567959 0.608128 0.0613388 0.699365
0 0.744653 0.637112 0.0597973 0.672049
0 0.912611 0.660445 0.0571827 0.657299
0 0.968263 0.658827 0.0602551 0.660327
