0 0.446297 0.493768 0.100892 0.987536
0 0.132385 0.497665 0.113742 0.994559
0 0.369419 0.49956 0.10089 0.976875
0 0.290805 0.469023 0.100563 0.923651
0 0.956488 0.526681 0.087023 0.946638
0 0.752714 0.51735 0.103531 0.965299
0 0.829612 0.52989 0.118491 0.94022
0 0.212234 0.486012 0.102305 0.955024
0 0.0551325 0.495914 0.109457 0.991829
0 0.523647 0.481237 0.102136 0.961843
0 0.59898 0.478049 0.101327 0.935301
0 0.905718 0.530535 0.120768 0.93893
0 0.677103 0.499659 0.102792 0.972428
0 0.0164356 0.471989 0.0327971 0.928786
