0 0.347498 0.577494 0.0877192 0.78766
0 0.2514 0.547244 0.104838 0.840761
0 0.415044 0.643885 0.0510088 0.653673
0 0.103362 0.566994 0.135316 0.788266
0 0.716954 0.668986 0.133517 0.633233
0 0.590187 0.671346 0.124503 0.513444
0 0.889332 0.561653 0.0506706 0.812359
0 0.84759 0.558082 0.0491625 0.820152
0 0.804292 0.553087 0.0521273 0.831291
0 0.930148 0.556733 0.0490555 0.811503
0 0.459866 0.653161 0.049167 0.629387
0 0.504605 0.650706 0.0488262 0.625983
0 0.969216 0.54615 0.0505856 0.854298
0 0.595851 0.232838 0.126275 0.416195
0 0.0260153 0.621325 0.0520306 0.69444
0 0.99198 0.564735 0.0159946 0.832453
