0 0.521554 0.670268 0.0394909 0.609789
0 0.482662 0.671251 0.0450745 0.614056
0 0.439928 0.671453 0.0454782 0.579854
0 0.184821 0.549529 0.0508432 0.820811
0 0.611846 0.314581 0.0474147 0.526426
0 0.0525425 0.532402 0.0494727 0.810928
0 0.227691 0.546707 0.0455716 0.835247
0 0.400909 0.66794 0.0415584 0.575885
0 0.270694 0.542093 0.0529191 0.874729
0 0.316369 0.55051 0.0504217 0.86742
0 0.360239 0.659342 0.0482607 0.605498
0 0.609655 0.766478 0.0432084 0.413115
0 0.652344 0.759634 0.0436326 0.433179
0 0.136972 0.548145 0.0517063 0.830291
0 0.0957558 0.545904 0.0493022 0.814956
0 0.565529 0.756505 0.0447279 0.423468
0 0.854566 0.696832 0.0470253 0.589262
0 0.0168723 0.532535 0.0337256 0.821255
0 0.701503 0.776111 0.0530817 0.428744
0 0.752914 0.703573 0.0537536 0.592854
0 0.906696 0.681725 0.0567913 0.608935
0 0.80546 0.716838 0.0556601 0.554576
0 0.964673 0.669031 0.0644468 0.654602
0 0.80486 0.633352 0.0545315 0.428044
