0 0.581895 0.298822 0.178778 0.54218
0 0.429887 0.296589 0.118884 0.546631
0 0.571506 0.737668 0.168935 0.36586
0 0.42805 0.749828 0.118299 0.373956
0 0.0596889 0.816968 0.119378 0.36237
0 0.186902 0.344228 0.12631 0.547157
0 0.0633381 0.385371 0.126676 0.550926
0 0.744906 0.279229 0.153439 0.517508
0 0.738956 0.699906 0.148265 0.344624
0 0.181822 0.799952 0.125244 0.377643
0 0.27539 0.782729 0.0620743 0.364819
0 0.310532 0.323113 0.124794 0.546555
0 0.30864 0.774008 0.11753 0.365144
0 0.335927 0.769422 0.0637036 0.360616
0 0.149934 0.805461 0.0635363 0.363928
0 0.943483 0.271535 0.111985 0.540272
