0 0.393769 0.519033 0.0423949 0.939132
0 0.327917 0.511378 0.0398473 0.911416
0 0.0931941 0.527416 0.0400802 0.860471
0 0.466579 0.51375 0.0428831 0.927523
0 0.293805 0.508172 0.0391226 0.930511
0 0.429753 0.513206 0.042411 0.936235
0 0.502593 0.515339 0.0432496 0.915399
0 0.361257 0.519268 0.0402527 0.914003
0 0.537724 0.524498 0.0418253 0.896205
0 0.0598843 0.55944 0.0415602 0.788909
0 0.260648 0.523544 0.0410274 0.892759
0 0.160008 0.502739 0.0418935 0.937145
0 0.0253641 0.573614 0.0412999 0.739363
0 0.126785 0.505531 0.0389657 0.908692
0 0.948095 0.531646 0.0438681 0.867649
0 0.980959 0.540069 0.0380812 0.865578
0 0.228571 0.51692 0.0385426 0.874972
0 0.195475 0.491789 0.0423509 0.924012
0 0.706729 0.567718 0.0432885 0.8192
0 0.570513 0.568306 0.0399946 0.812795
0 0.743258 0.562807 0.0443606 0.834183
0 0.916357 0.554165 0.043343 0.840754
0 0.882274 0.548727 0.0390022 0.862441
0 0.851153 0.54527 0.0414822 0.861879
0 0.672319 0.559192 0.0411833 0.834971
0 0.00587421 0.547426 0.0117484 0.812451
0 0.63504 0.554201 0.0460211 0.845071
0 0.812547 0.545487 0.0427845 0.855928
0 0.598749 0.568516 0.0335516 0.745677
0 0.777498 0.546708 0.0371856 0.856087
