0 0.580281 0.67066 0.0892715 0.620092
0 0.498003 0.663273 0.0835335 0.626727
0 0.664326 0.671186 0.0886723 0.626527
0 0.164973 0.666979 0.0915089 0.634139
0 0.911207 0.674419 0.0905666 0.621153
0 0.0833134 0.665211 0.0898835 0.636067
0 0.33128 0.668915 0.088771 0.631831
0 0.248162 0.663472 0.08961 0.640506
0 0.747837 0.672283 0.0876038 0.621271
0 0.415268 0.662004 0.0881498 0.632393
0 0.974813 0.674291 0.0503731 0.622954
0 0.83013 0.675742 0.0886535 0.613191
0 0.0204342 0.54728 0.040865 0.873863
