0 0.743515 0.313093 0.0902969 0.488116
0 0.833667 0.290057 0.0942501 0.497701
0 0.427058 0.386856 0.076439 0.466056
0 0.92688 0.723206 0.0949284 0.406438
0 0.926893 0.271045 0.0976496 0.518033
0 0.500665 0.366208 0.0784696 0.472569
0 0.831543 0.73194 0.0935021 0.400737
0 0.658156 0.758771 0.0826775 0.386941
0 0.355827 0.404096 0.0755799 0.457854
0 0.741765 0.746647 0.0896226 0.392196
0 0.356268 0.800279 0.0710522 0.341863
0 0.660141 0.32879 0.0839377 0.483832
0 0.499926 0.779964 0.0770774 0.370225
0 0.576073 0.77029 0.0809338 0.376563
0 0.578637 0.348354 0.0825954 0.477112
0 0.427094 0.792422 0.0742182 0.350832
0 0.285261 0.451659 0.0717758 0.405541
0 0.217718 0.464456 0.0710808 0.403537
0 0.153633 0.829019 0.066899 0.306789
0 0.286738 0.814615 0.0711907 0.318475
0 0.219787 0.818311 0.0690114 0.308234
0 0.0905659 0.838758 0.0671383 0.298863
0 0.0291969 0.840723 0.0583937 0.304785
0 0.0340123 0.499392 0.0668019 0.370874
0 0.986361 0.716908 0.0272786 0.413583
0 0.986225 0.259749 0.0275507 0.519498
0 0.0872805 0.526402 0.0433358 0.314213
0 0.133069 0.551871 0.0411033 0.262016
