0 0.323411 0.525597 0.0651954 0.878953
0 0.150619 0.503998 0.0677205 0.919612
0 0.380505 0.535176 0.0653437 0.865675
0 0.209004 0.513581 0.0648052 0.894119
0 0.0921729 0.501786 0.068757 0.921635
0 0.266215 0.524369 0.0668836 0.876147
0 0.759449 0.515942 0.0608441 0.859575
0 0.545396 0.516416 0.061943 0.876159
0 0.599462 0.515747 0.0611095 0.867685
0 0.491448 0.525947 0.0629572 0.868159
0 0.652655 0.518745 0.0618361 0.860851
0 0.706393 0.519723 0.0597201 0.864186
0 0.436456 0.524353 0.0633654 0.875779
0 0.0333408 0.501338 0.0655114 0.925364
0 0.813513 0.511774 0.0610865 0.859719
0 0.86721 0.507826 0.0630709 0.862339
0 0.00482462 0.503867 0.00964924 0.930569
