0 0.590651 0.561928 0.0494222 0.620023
0 0.635263 0.578034 0.0488607 0.617041
0 0.260894 0.442674 0.0521715 0.656481
0 0.356708 0.483621 0.0506831 0.665156
0 0.72473 0.604418 0.0491533 0.613502
0 0.857903 0.649076 0.0493366 0.609552
0 0.213161 0.425566 0.055855 0.675656
0 0.40563 0.504012 0.0514065 0.650318
0 0.545175 0.553065 0.0498173 0.640213
0 0.162364 0.4051 0.0581409 0.684141
0 0.308751 0.459316 0.0505362 0.660764
0 0.680602 0.595408 0.047902 0.617851
0 0.499518 0.535924 0.049661 0.6437
0 0.452875 0.523068 0.050671 0.653152
0 0.0582408 0.360978 0.0582561 0.674498
0 0.110495 0.379906 0.0573925 0.676579
0 0.901894 0.655073 0.0514338 0.600907
0 0.770591 0.617955 0.0517537 0.619033
0 0.816105 0.635124 0.0475919 0.620423
0 0.0207093 0.357144 0.0414187 0.688514
0 0.969272 0.671456 0.0515072 0.566283
0 0.970666 0.762903 0.0535656 0.384731
0 0.932555 0.672773 0.0302704 0.578526
