0 0.720287 0.374281 0.175642 0.441664
0 0.898574 0.431963 0.193199 0.440815
0 0.359011 0.406428 0.188276 0.478439
0 0.54248 0.727465 0.164853 0.183966
0 0.365542 0.734749 0.165289 0.217171
0 0.709853 0.700557 0.165033 0.23494
0 0.702689 0.885388 0.154253 0.165452
0 0.867868 0.901378 0.172609 0.189939
0 0.879185 0.729463 0.177621 0.180988
0 0.224166 0.803525 0.13283 0.227915
0 0.188596 0.383642 0.173938 0.436618
0 0.552969 0.418968 0.174755 0.448669
0 0.540806 0.878835 0.161796 0.143216
0 0.0816719 0.731674 0.156277 0.372556
0 0.551778 0.52928 0.174589 0.230885
0 0.371023 0.871344 0.161924 0.13534
0 0.220715 0.662314 0.130762 0.161777
