0 0.155011 0.650959 0.0572486 0.671462
0 0.424376 0.66712 0.0587646 0.644352
0 0.531641 0.667956 0.0560169 0.647177
0 0.263945 0.653774 0.0577469 0.658867
0 0.0994196 0.656244 0.0612697 0.675197
0 0.635935 0.671765 0.054633 0.642936
0 0.688441 0.668735 0.0543399 0.640601
0 0.209681 0.649705 0.0585092 0.667517
0 0.478921 0.670921 0.0568152 0.646299
0 0.584717 0.670985 0.0553309 0.639605
0 0.740044 0.667277 0.0551185 0.639868
0 0.845396 0.66334 0.0556935 0.643709
0 0.317572 0.658499 0.0576589 0.645799
0 0.792173 0.670139 0.056514 0.637613
0 0.899616 0.664018 0.0575367 0.639391
0 0.951691 0.659529 0.0535297 0.63582
0 0.370545 0.665409 0.0571953 0.643728
0 0.0442262 0.646979 0.0598999 0.696651
0 0.00801784 0.634653 0.0157703 0.710347
0 0.986365 0.666959 0.0256523 0.6279
