0 0.450738 0.541878 0.0610535 0.84238
0 0.501777 0.537006 0.0602903 0.83456
0 0.40057 0.538343 0.0600669 0.840028
0 0.301539 0.53661 0.0586516 0.846899
0 0.350945 0.536686 0.057764 0.838771
0 0.554399 0.535897 0.0589539 0.834344
0 0.249368 0.534446 0.0580206 0.8523
0 0.760807 0.541015 0.0626421 0.839696
0 0.199894 0.542879 0.0610752 0.852185
0 0.606521 0.535051 0.0616415 0.830041
0 0.149267 0.545969 0.0639744 0.856961
0 0.707824 0.545279 0.062994 0.836298
0 0.657223 0.541329 0.0612544 0.832346
0 0.867486 0.529187 0.0710388 0.843943
0 0.813778 0.533489 0.0648857 0.830826
0 0.0976917 0.541568 0.068448 0.865744
0 0.919696 0.521683 0.0708859 0.824581
0 0.0462676 0.539735 0.071153 0.873868
0 0.96806 0.526797 0.0627491 0.825535
0 0.0155819 0.542484 0.0311639 0.88836
0 0.979204 0.533574 0.041592 0.847424
0 0.986461 0.541199 0.0270771 0.860108
