0 0.255286 0.635725 0.0710314 0.615492
0 0.381163 0.647187 0.0699188 0.62407
0 0.192897 0.630197 0.0688061 0.609716
0 0.318033 0.639136 0.0689564 0.614378
0 0.0679608 0.592489 0.0715703 0.65704
0 0.442657 0.653367 0.0676648 0.621609
0 0.131161 0.621501 0.0689936 0.618617
0 0.57311 0.644873 0.0721097 0.661592
0 0.506475 0.656506 0.0745883 0.6361
0 0.700567 0.648556 0.0715607 0.663227
0 0.768115 0.667356 0.0765343 0.627141
0 0.637093 0.661231 0.068933 0.635618
0 0.835917 0.667571 0.072167 0.633861
0 0.0202125 0.577595 0.0404249 0.666767
0 0.976417 0.67988 0.047036 0.624313
0 0.91214 0.655974 0.0933124 0.682579
