0 0.101412 0.757915 0.174719 0.484171
0 0.0938242 0.299234 0.183547 0.598469
0 0.427231 0.28368 0.172131 0.567177
0 0.589131 0.735251 0.161323 0.49234
0 0.424541 0.740642 0.165136 0.500527
0 0.587077 0.321387 0.16598 0.546918
0 0.261108 0.314232 0.163017 0.556169
0 0.264865 0.749201 0.158859 0.483591
0 0.742355 0.707732 0.157835 0.520169
0 0.893717 0.698114 0.158058 0.542221
0 0.745213 0.309904 0.164613 0.490245
0 0.900052 0.315189 0.151144 0.449649
0 0.982384 0.56317 0.0348418 0.775083
0 0.012134 0.76327 0.0241612 0.47346
