0 0.4282 0.579471 0.0639517 0.822745
0 0.658597 0.540346 0.0679271 0.870449
0 0.543424 0.545652 0.0647205 0.89551
0 0.371715 0.595763 0.0643472 0.803529
0 0.832514 0.545521 0.0690297 0.833102
0 0.600357 0.553805 0.0638733 0.861771
0 0.773874 0.544507 0.0630659 0.847085
0 0.485464 0.563399 0.0641746 0.852696
0 0.718115 0.538686 0.065019 0.866227
0 0.315864 0.603374 0.0627974 0.793252
0 0.890637 0.531772 0.0657302 0.841759
0 0.260651 0.60131 0.0615039 0.797379
0 0.947601 0.532483 0.071299 0.852629
0 0.207062 0.601461 0.059958 0.797077
0 0.149837 0.583362 0.0664542 0.833275
0 0.0930668 0.583438 0.0688197 0.833124
0 0.0364833 0.60088 0.0717519 0.79824
0 0.00920907 0.619985 0.0183406 0.76003
