0 0.30616 0.631767 0.0572731 0.619987
0 0.254271 0.623961 0.0565335 0.608395
0 0.35913 0.636213 0.05735 0.620491
0 0.202445 0.615495 0.0567396 0.610506
0 0.145776 0.594954 0.061792 0.604151
0 0.85264 0.620426 0.0566608 0.732162
0 0.629489 0.66425 0.0626953 0.616194
0 0.411673 0.637846 0.0560504 0.60038
0 0.571395 0.651494 0.0568366 0.630738
0 0.736593 0.65708 0.0597625 0.633554
0 0.0901991 0.593079 0.0578236 0.620358
0 0.905096 0.622234 0.0589161 0.730057
0 0.464856 0.641152 0.0569456 0.615791
0 0.0348094 0.597229 0.060962 0.624654
0 0.519154 0.646356 0.0575995 0.638927
0 0.683627 0.669177 0.0545293 0.606473
0 0.799812 0.611503 0.0558999 0.735625
0 0.959631 0.623474 0.0561754 0.730538
0 0.989813 0.623578 0.0203733 0.737786
