0 0.654104 0.411039 0.211707 0.321561
0 0.295863 0.34673 0.158499 0.155534
0 0.87234 0.503558 0.245763 0.326907
0 0.285787 0.167813 0.159465 0.24852
0 0.460981 0.408661 0.177255 0.159621
0 0.473982 0.659135 0.170069 0.188072
0 0.314758 0.467698 0.156773 0.136696
0 0.452515 0.215424 0.197237 0.29108
0 0.46849 0.529828 0.166461 0.161904
0 0.322143 0.583488 0.153995 0.153209
0 0.647149 0.677331 0.201331 0.353801
0 0.850562 0.723712 0.233339 0.219103
0 0.181024 0.403781 0.153133 0.357002
0 0.106226 0.124631 0.211037 0.237397
0 0.644011 0.609334 0.192699 0.209327
0 0.0803076 0.358661 0.144383 0.331496
0 0.849865 0.864739 0.233007 0.236329
0 0.647477 0.74841 0.196726 0.213019
0 0.849873 0.789286 0.238649 0.35679
