0 0.0403052 0.740841 0.0518854 0.483552
0 0.24793 0.727686 0.0571861 0.504891
0 0.352936 0.697779 0.0557159 0.499237
0 0.195252 0.726211 0.0562196 0.500938
0 0.901406 0.419284 0.0545132 0.743214
0 0.849329 0.446972 0.0564475 0.757022
0 0.142984 0.73309 0.0553596 0.494699
0 0.950944 0.403015 0.0548218 0.730938
0 0.45879 0.660948 0.053547 0.498744
0 0.605861 0.508347 0.0581386 0.743868
0 0.301233 0.714136 0.0530577 0.515146
0 0.090786 0.734132 0.0562734 0.499189
0 0.801194 0.456877 0.0495627 0.742441
0 0.656778 0.490719 0.0526411 0.75587
0 0.754254 0.468623 0.0518173 0.748308
0 0.705831 0.481404 0.0501601 0.744488
0 0.507828 0.646327 0.0506772 0.495681
0 0.405792 0.678184 0.0543461 0.484706
0 0.55672 0.640679 0.050612 0.501464
0 0.00904615 0.760229 0.0179378 0.467737
