0 0.772492 0.773512 0.0642077 0.331631
0 0.113084 0.697586 0.0791757 0.593907
0 0.828894 0.779249 0.0662183 0.318052
0 0.717426 0.762447 0.0613945 0.346258
0 0.0458893 0.705962 0.0822907 0.582968
0 0.266536 0.463113 0.0684706 0.610239
0 0.181212 0.644835 0.0848804 0.687853
0 0.385459 0.644961 0.080573 0.661465
0 0.564893 0.733127 0.0976956 0.451558
0 0.322208 0.493749 0.078 0.786229
0 0.0408272 0.210613 0.081565 0.421227
0 0.924714 0.713061 0.137187 0.452238
0 0.923811 0.803716 0.133172 0.26864
0 0.455639 0.562106 0.0894003 0.817723
0 0.00964639 0.705267 0.0192928 0.587341
0 0.328851 0.484877 0.0939248 0.934722
0 0.924649 0.573826 0.145141 0.232006
0 0.589887 0.610659 0.161214 0.689417
