0 0.125658 0.598373 0.0733139 0.652696
0 0.593547 0.640916 0.0720571 0.641426
0 0.259199 0.621671 0.0748518 0.648224
0 0.39136 0.623441 0.0700669 0.636635
0 0.325902 0.619225 0.0722805 0.637069
0 0.191619 0.60835 0.0724185 0.653514
0 0.728363 0.66448 0.0763115 0.667258
0 0.660302 0.650026 0.0721464 0.655825
0 0.456861 0.634449 0.0714514 0.64777
0 0.797827 0.676278 0.0762875 0.644988
0 0.5252 0.641326 0.0748333 0.636913
0 0.865321 0.689606 0.0722355 0.620788
0 0.0607205 0.575772 0.066781 0.64875
0 0.929685 0.677204 0.070559 0.630656
0 0.979686 0.744723 0.0406277 0.510554
0 0.0154091 0.694394 0.0308181 0.449084
0 0.989912 0.272728 0.0196915 0.52912
0 0.00701427 0.253289 0.0140099 0.506578
0 0.0143879 0.241689 0.0287137 0.483378
