0 0.148666 0.454649 0.0668495 0.763317
0 0.208029 0.469798 0.0644927 0.772124
0 0.548545 0.568863 0.0586827 0.753068
0 0.324076 0.492385 0.0630284 0.786427
0 0.266563 0.469814 0.064656 0.784959
0 0.380955 0.516551 0.0625175 0.779549
0 0.437061 0.536397 0.0623459 0.769926
0 0.708841 0.639918 0.0576483 0.670556
0 0.601854 0.580421 0.0592808 0.751142
0 0.0884123 0.433781 0.0666069 0.760984
0 0.656117 0.622536 0.0598748 0.674304
0 0.49358 0.567624 0.0612514 0.735077
0 0.864578 0.640623 0.0616187 0.718753
0 0.917146 0.64187 0.0558018 0.716259
0 0.967481 0.650836 0.0586429 0.698328
0 0.0317154 0.400542 0.0607697 0.781204
