0 0.842762 0.718319 0.1747 0.517048
0 0.671469 0.733055 0.174324 0.495316
0 0.675059 0.251367 0.17738 0.502735
0 0.844728 0.245233 0.165084 0.481321
0 0.243896 0.57417 0.128489 0.775501
0 0.556538 0.609824 0.0583958 0.692633
0 0.958739 0.476731 0.0714771 0.941361
0 0.12403 0.536049 0.112688 0.731066
0 0.5008 0.60862 0.0565292 0.677992
0 0.363373 0.554155 0.106834 0.758836
0 0.446469 0.602709 0.0567106 0.659568
0 0.988952 0.485069 0.0220966 0.945462
0 0.0379006 0.742565 0.0758012 0.474509
0 0.473122 0.602396 0.110957 0.672824
