0 0.692586 0.642877 0.146557 0.412711
0 0.513914 0.62802 0.183267 0.299832
0 0.878282 0.778828 0.239607 0.383576
0 0.339321 0.54527 0.169407 0.272774
0 0.880194 0.44858 0.237564 0.428184
0 0.526292 0.329419 0.192942 0.398445
0 0.695057 0.32297 0.155379 0.290946
0 0.141079 0.20959 0.0525427 0.249421
0 0.190132 0.232034 0.0552125 0.238348
0 0.342175 0.290955 0.172041 0.337123
0 0.0956922 0.197915 0.0512744 0.233326
0 0.0515691 0.182028 0.0495504 0.223057
0 0.236705 0.245291 0.0526969 0.25514
0 0.179078 0.461908 0.05488 0.22982
0 0.0942609 0.421019 0.0492112 0.209266
0 0.230005 0.483853 0.0567552 0.237499
0 0.0459516 0.393644 0.0541658 0.210153
0 0.13619 0.441964 0.0423662 0.214806
0 0.0160755 0.177313 0.0299247 0.214613
