0 0.337097 0.576767 0.0887795 0.748432
0 0.158678 0.563342 0.0937785 0.736865
0 0.499345 0.583079 0.0860545 0.741548
0 0.244754 0.570578 0.0908332 0.740507
0 0.9153 0.698177 0.0856815 0.597939
0 0.0661116 0.556109 0.0974532 0.740623
0 0.417627 0.563472 0.0835564 0.750167
0 0.578732 0.585857 0.0833012 0.740704
0 0.688065 0.589976 0.0842399 0.740394
0 0.830335 0.68817 0.0931088 0.589811
0 0.9785 0.694168 0.0427284 0.602449
0 0.0153005 0.552626 0.0306011 0.719484
0 0.852582 0.505741 0.285036 0.979737
