0 0.341068 0.465676 0.071713 0.91708
0 0.472449 0.480567 0.0731674 0.929333
0 0.796245 0.501068 0.0726789 0.914854
0 0.406109 0.476491 0.0730308 0.928406
0 0.276525 0.462196 0.0709721 0.916772
0 0.0687788 0.460372 0.0773835 0.866965
0 0.537546 0.486421 0.0701539 0.924103
0 0.14588 0.468795 0.0761206 0.86711
0 0.60081 0.4865 0.0700083 0.909312
0 0.666733 0.491005 0.0731394 0.935285
0 0.731432 0.489973 0.0727986 0.922402
0 0.212641 0.475156 0.0727682 0.87198
0 0.860876 0.50706 0.074234 0.91736
0 0.927096 0.509161 0.0753385 0.908739
0 0.0175821 0.448354 0.035031 0.85412
0 0.981788 0.520108 0.0364231 0.92376
