0 0.298064 0.343244 0.0552404 0.483648
0 0.245386 0.338995 0.0566056 0.487304
0 0.351598 0.325727 0.0579102 0.48894
0 0.520469 0.78152 0.0560829 0.434886
0 0.799858 0.658472 0.0600882 0.663171
0 0.305373 0.789604 0.0550539 0.420792
0 0.358176 0.782813 0.0565532 0.434373
0 0.853959 0.657585 0.0559569 0.650548
0 0.625205 0.301271 0.0565884 0.518025
0 0.465164 0.765921 0.0576656 0.466466
0 0.459603 0.285006 0.0599979 0.529778
0 0.517181 0.315208 0.0564416 0.521558
0 0.0793148 0.306169 0.0614824 0.516443
0 0.684644 0.773389 0.056026 0.453222
0 0.404486 0.295665 0.0551868 0.524374
0 0.631081 0.776289 0.0576212 0.447423
0 0.575408 0.777373 0.0572206 0.445255
0 0.25131 0.785225 0.0580041 0.429549
0 0.13608 0.328594 0.0585193 0.494997
0 0.905427 0.658986 0.0547668 0.634853
0 0.197548 0.788238 0.0524524 0.420096
0 0.74148 0.65213 0.0622349 0.683195
0 0.570434 0.309477 0.0583028 0.514817
0 0.680043 0.304955 0.0559534 0.514447
0 0.143598 0.787618 0.0579222 0.424765
0 0.0881473 0.777074 0.0573695 0.444723
0 0.410976 0.770606 0.0547826 0.455934
0 0.96139 0.660622 0.063166 0.639463
0 0.0332757 0.771156 0.0577347 0.454263
0 0.192299 0.342901 0.0571032 0.47739
