0 0.150696 0.657387 0.0570244 0.608687
0 0.430508 0.650758 0.0563921 0.641557
0 0.375708 0.65151 0.0579002 0.643713
0 0.483872 0.640861 0.0553116 0.643545
0 0.596932 0.657599 0.0575385 0.60475
0 0.758546 0.655555 0.0549287 0.617327
0 0.539932 0.644088 0.0606509 0.644156
0 0.863302 0.654017 0.0546853 0.620831
0 0.207794 0.661811 0.0592053 0.615554
0 0.811778 0.652024 0.0548597 0.626801
0 0.09546 0.649737 0.0582447 0.619755
0 0.914717 0.64941 0.0549619 0.610293
0 0.706336 0.655252 0.055838 0.618026
0 0.319231 0.657281 0.0601119 0.629046
0 0.263721 0.660299 0.0562069 0.610779
0 0.0409266 0.633785 0.0601571 0.636847
0 0.652029 0.658772 0.0577393 0.610412
0 0.967449 0.645674 0.0565955 0.60695
0 0.994847 0.676009 0.0103059 0.615185
