0 0.719376 0.378868 0.0650125 0.259809
0 0.251799 0.208763 0.108782 0.371349
0 0.287946 0.804042 0.10536 0.380495
0 0.150914 0.271061 0.126763 0.416774
0 0.638843 0.45507 0.0783388 0.283022
0 0.515357 0.590676 0.079374 0.32874
0 0.574191 0.525863 0.069726 0.310051
0 0.915728 0.16248 0.0450749 0.240261
0 0.766285 0.345088 0.0507821 0.250123
0 0.0542618 0.335347 0.108481 0.45734
0 0.950958 0.140371 0.0497418 0.225109
0 0.849181 0.220941 0.0525325 0.216591
0 0.371205 0.736123 0.0896537 0.368332
0 0.438144 0.578799 0.102967 0.308203
0 0.881965 0.19891 0.0413393 0.210265
0 0.986475 0.114849 0.0265783 0.229698
0 0.800212 0.277766 0.0481056 0.221363
0 0.990269 0.11893 0.0193687 0.204326
