0 0.702268 0.696056 0.17624 0.212675
0 0.162425 0.417768 0.181031 0.325445
0 0.344095 0.428525 0.18825 0.332382
0 0.898517 0.46854 0.192305 0.340651
0 0.181077 0.862842 0.17271 0.194402
0 0.169462 0.673694 0.167124 0.198357
0 0.708375 0.421096 0.184992 0.34766
0 0.704471 0.890139 0.175396 0.19505
0 0.530117 0.877557 0.174037 0.194303
0 0.341376 0.694182 0.179352 0.210358
0 0.35236 0.878055 0.174092 0.183276
0 0.0450216 0.6768 0.0898451 0.171059
0 0.525914 0.606347 0.177833 0.361364
0 0.881925 0.716181 0.183268 0.171622
0 0.881498 0.889821 0.181301 0.216289
0 0.0499694 0.852113 0.0999388 0.18793
0 0.543501 0.269257 0.159976 0.306201
0 0.0366849 0.471138 0.0733699 0.260841
0 0.526542 0.679808 0.175534 0.217348
