0 0.775182 0.595877 0.0768294 0.751916
0 0.571 0.569663 0.0784421 0.78111
0 0.638929 0.585294 0.0776524 0.762434
0 0.370815 0.561933 0.0777028 0.770027
0 0.843157 0.595643 0.076212 0.757846
0 0.501979 0.554153 0.0784649 0.793447
0 0.707605 0.594387 0.0795181 0.763248
0 0.436736 0.556817 0.0768259 0.783619
0 0.170813 0.502483 0.0797528 0.773978
0 0.303041 0.545539 0.0773138 0.766427
0 0.10166 0.516284 0.0766744 0.772508
0 0.237277 0.514422 0.0779488 0.754673
0 0.0373173 0.518951 0.0745319 0.767605
0 0.910025 0.670249 0.0774268 0.628676
0 0.972039 0.695968 0.0557745 0.582144
