0 0.116196 0.579983 0.0794788 0.80246
0 0.473421 0.536646 0.0681236 0.81089
0 0.351929 0.549552 0.0718307 0.810069
0 0.601445 0.517967 0.0685978 0.799246
0 0.666237 0.512226 0.0731678 0.811676
0 0.289107 0.561141 0.0704663 0.800859
0 0.227475 0.574834 0.0675312 0.78221
0 0.732113 0.507492 0.0713209 0.81378
0 0.86077 0.48607 0.0731439 0.820759
0 0.795754 0.497768 0.0704454 0.823842
0 0.537001 0.520603 0.0692154 0.81402
0 0.930037 0.47497 0.0791366 0.81202
0 0.17611 0.573674 0.0556495 0.787264
0 0.414282 0.539414 0.0643572 0.816128
0 0.0471405 0.575914 0.0760496 0.801436
0 0.982792 0.470767 0.0344157 0.79079
0 0.011949 0.593209 0.0238981 0.785261
