0 0.683295 0.554203 0.0614565 0.842391
0 0.194414 0.557001 0.0668415 0.821363
0 0.303346 0.549809 0.0626749 0.833804
0 0.738509 0.555189 0.0619816 0.838765
0 0.629049 0.554545 0.0585598 0.835533
0 0.24981 0.550745 0.0646624 0.830912
0 0.57576 0.562677 0.0599794 0.825128
0 0.795621 0.552008 0.0655223 0.845317
0 0.853764 0.55294 0.0659992 0.841542
0 0.520876 0.561963 0.0620697 0.833593
0 0.410599 0.557849 0.0595234 0.824373
0 0.358194 0.557469 0.0606664 0.832306
0 0.139402 0.554262 0.0661008 0.812609
0 0.463984 0.560767 0.0609528 0.827295
0 0.0866574 0.554912 0.0656488 0.811706
0 0.913478 0.605127 0.0646509 0.73348
0 0.966869 0.645692 0.0574745 0.620572
0 0.0355191 0.572645 0.0660469 0.78432
0 0.0113914 0.596889 0.0227828 0.784799
0 0.0209111 0.578995 0.0418221 0.78328
0 0.993413 0.676131 0.0131737 0.595896
