0 0.653937 0.541784 0.0866257 0.887782
0 0.446541 0.556878 0.0718981 0.824053
0 0.581676 0.549064 0.0783455 0.861163
0 0.381517 0.573761 0.0712035 0.793906
0 0.513582 0.555169 0.0753885 0.837408
0 0.736231 0.524629 0.0898661 0.914052
0 0.322185 0.571577 0.0638151 0.776012
0 0.266426 0.578871 0.0617242 0.764048
0 0.211398 0.584795 0.0605251 0.749359
0 0.815811 0.512341 0.0958604 0.936761
0 0.0677279 0.60942 0.0514554 0.704071
0 0.112799 0.598102 0.051852 0.724489
0 0.159211 0.589395 0.0547569 0.736498
0 0.0243858 0.618721 0.0487717 0.692726
0 0.965578 0.490368 0.0688445 0.980736
0 0.89718 0.499082 0.100663 0.968249
