0 0.291315 0.562077 0.110159 0.727547
0 0.785856 0.44133 0.0864437 0.666285
0 0.187324 0.578158 0.122266 0.758094
0 0.382659 0.536926 0.107261 0.727237
0 0.0843523 0.584275 0.11704 0.780804
0 0.469358 0.518542 0.0945094 0.717694
0 0.95309 0.396643 0.0880386 0.642509
0 0.713806 0.454464 0.0795637 0.68328
0 0.550721 0.498947 0.100932 0.703082
0 0.638788 0.468868 0.0909578 0.687731
0 0.877629 0.409679 0.0855099 0.647595
0 0.024733 0.612685 0.049466 0.763701
0 0.992866 0.378855 0.0142684 0.57985
0 0.989108 0.383508 0.0217843 0.603866
