0 0.296612 0.666629 0.0763073 0.609323
0 0.732863 0.528088 0.182876 0.904494
0 0.228685 0.647133 0.0797582 0.631099
0 0.361222 0.664069 0.0725284 0.620108
0 0.0959758 0.639768 0.089173 0.617091
0 0.9062 0.737077 0.185136 0.241405
0 0.0398505 0.650553 0.0797009 0.591598
0 0.429162 0.658799 0.0759903 0.640243
0 0.161827 0.650957 0.0848018 0.614698
0 0.501643 0.541192 0.0777124 0.889849
0 0.629712 0.725586 0.0685763 0.527721
0 0.888881 0.910869 0.185151 0.178262
0 0.568383 0.543307 0.0805521 0.895983
0 0.899732 0.486436 0.19711 0.311567
0 0.867593 0.225241 0.192794 0.267976
0 0.00750541 0.651765 0.0149598 0.558416
0 0.0104287 0.633908 0.0208573 0.601509
0 0.568448 0.655968 0.0746691 0.657192
