0 0.563627 0.527139 0.0601532 0.417914
0 0.622308 0.492836 0.0601553 0.418201
0 0.682977 0.44766 0.0643864 0.430735
0 0.746468 0.405959 0.0671419 0.443807
0 0.505018 0.568178 0.0582306 0.418189
0 0.394206 0.632762 0.0532547 0.387351
0 0.812034 0.380069 0.0676936 0.453896
0 0.264081 0.732046 0.0531142 0.318908
0 0.448556 0.606851 0.0567362 0.40167
0 0.212115 0.752508 0.0516362 0.362548
0 0.346139 0.671222 0.0464174 0.349757
0 0.880357 0.337233 0.0718386 0.427673
0 0.136901 0.8156 0.0527917 0.31734
0 0.0320792 0.84811 0.0528374 0.298725
0 0.952696 0.342986 0.0738171 0.526522
0 0.083758 0.838238 0.0506684 0.304897
