0 0.534917 0.52495 0.0718026 0.930575
0 0.603227 0.517356 0.07046 0.944555
0 0.465878 0.521311 0.0690584 0.923798
0 0.26525 0.67359 0.0692531 0.640496
0 0.0670828 0.68931 0.0693435 0.621379
0 0.398126 0.667712 0.0633732 0.648765
0 0.133992 0.683481 0.0679049 0.633039
0 0.334006 0.67916 0.0687379 0.64168
0 0.199106 0.677622 0.0664037 0.638154
0 0.66985 0.510191 0.0677087 0.963564
0 0.847341 0.627315 0.0796226 0.712556
0 0.0163545 0.688301 0.0326529 0.617398
0 0.931533 0.671396 0.0714607 0.60653
0 0.988367 0.629298 0.0228817 0.698355
0 0.733136 0.7104 0.0624506 0.545206
0 0.749433 0.714549 0.0963281 0.527951
