0 0.763319 0.33542 0.168849 0.414722
0 0.915556 0.352566 0.163529 0.396788
0 0.920739 0.651719 0.156824 0.246549
0 0.589981 0.658416 0.16842 0.254238
0 0.594888 0.335621 0.175692 0.441386
0 0.0903819 0.550264 0.1734 0.430518
0 0.762676 0.639359 0.163825 0.242932
0 0.09372 0.855399 0.163715 0.24619
0 0.41632 0.68878 0.164213 0.246501
0 0.921353 0.872437 0.156585 0.247447
0 0.579158 0.869526 0.154741 0.22227
0 0.257094 0.734655 0.165484 0.455256
0 0.41272 0.875235 0.162412 0.20745
0 0.417217 0.347192 0.184611 0.498735
0 0.762669 0.838114 0.156903 0.203756
