0 0.417456 0.594879 0.0773712 0.579907
0 0.492961 0.613942 0.0794401 0.581278
0 0.342203 0.584915 0.0750859 0.570343
0 0.836344 0.658183 0.0954094 0.653264
0 0.744831 0.644663 0.0927362 0.644211
0 0.937299 0.663712 0.101583 0.668879
0 0.572312 0.620062 0.0818822 0.601508
0 0.271548 0.571588 0.0724471 0.578483
0 0.655733 0.624088 0.0879736 0.634795
0 0.0675402 0.55329 0.0685435 0.549297
0 0.135214 0.565439 0.0740246 0.562589
0 0.20451 0.571402 0.0695854 0.566328
0 0.0185363 0.539833 0.0370725 0.541244
0 0.99224 0.667358 0.0150887 0.641424
