0 0.605394 0.397127 0.161585 0.386946
0 0.600069 0.690626 0.157494 0.206725
0 0.265548 0.579594 0.164258 0.403883
0 0.110817 0.884316 0.15507 0.22012
0 0.593791 0.889364 0.15412 0.203489
0 0.266602 0.884643 0.160858 0.222783
0 0.915243 0.88324 0.145889 0.214235
0 0.759078 0.762478 0.163164 0.272238
0 0.430502 0.893256 0.163307 0.197782
0 0.766287 0.428019 0.164122 0.407661
0 0.914812 0.689988 0.13899 0.192086
0 0.103874 0.6862 0.156087 0.186331
0 0.429743 0.606754 0.165603 0.393657
0 0.100104 0.408375 0.191698 0.385946
0 0.0137189 0.705152 0.0272523 0.223467
0 0.0173873 0.897901 0.0347378 0.203431
0 0.91577 0.487791 0.141166 0.236589
0 0.915617 0.414836 0.143497 0.380437
0 0.014665 0.768149 0.02933 0.348705
0 0.753356 0.915607 0.163257 0.141304
