0 0.635609 0.292771 0.0852333 0.507468
0 0.912855 0.303324 0.157236 0.534247
0 0.478136 0.268633 0.084214 0.515801
0 0.401704 0.268383 0.0819 0.514367
0 0.557837 0.29144 0.0859856 0.516133
0 0.907464 0.76982 0.157158 0.43447
0 0.170386 0.303843 0.0769766 0.482278
0 0.246778 0.317282 0.0820717 0.496855
0 0.0302984 0.289601 0.0605968 0.474522
0 0.479965 0.737064 0.0812443 0.445506
0 0.0963488 0.300416 0.0808513 0.465109
0 0.406051 0.732885 0.0791175 0.443
0 0.0359215 0.719387 0.071843 0.408796
0 0.323103 0.30942 0.0836939 0.518482
0 0.179563 0.739036 0.0772057 0.398428
0 0.107113 0.731578 0.0772887 0.395451
0 0.635362 0.763332 0.0825167 0.420313
0 0.5596 0.759365 0.082126 0.422447
0 0.329398 0.758591 0.0766792 0.387447
0 0.756774 0.306096 0.164889 0.520614
0 0.255776 0.753692 0.0783705 0.385988
0 0.714438 0.764675 0.0814389 0.425909
0 0.59803 0.760663 0.156626 0.424558
0 0.753326 0.768498 0.155935 0.425487
0 0.791216 0.771063 0.0793586 0.419079
0 0.294186 0.756009 0.147334 0.38939
0 0.717819 0.302968 0.08674 0.508459
