0 0.67189 0.369424 0.27016 0.431349
0 0.434678 0.517014 0.242969 0.514666
0 0.660732 0.691826 0.262929 0.399163
0 0.226186 0.4582 0.231283 0.483981
0 0.894251 0.439142 0.211498 0.467277
0 0.88945 0.768505 0.220038 0.396148
0 0.0306097 0.86552 0.0612195 0.268961
0 0.07656 0.877906 0.100237 0.244188
0 0.288723 0.940754 0.0632099 0.118491
0 0.404455 0.924288 0.209105 0.151425
0 0.212402 0.909321 0.0833506 0.181358
0 0.272499 0.932968 0.0947897 0.134063
0 0.132555 0.894553 0.0694579 0.210895
0 0.150173 0.894191 0.103402 0.211618
0 0.0109678 0.256841 0.0219356 0.390566
