0 0.517246 0.668997 0.0533916 0.623717
0 0.46619 0.658625 0.0520096 0.630792
0 0.761838 0.566328 0.0510456 0.857504
0 0.566875 0.675748 0.0502577 0.616865
0 0.416118 0.646522 0.0502581 0.631087
0 0.811573 0.566008 0.0559551 0.867983
0 0.614009 0.686624 0.048848 0.601965
0 0.714115 0.55556 0.0559797 0.873593
0 0.360596 0.667408 0.0560046 0.595564
0 0.916554 0.701807 0.142254 0.596385
0 0.20517 0.64011 0.048908 0.595665
0 0.662435 0.693787 0.0488638 0.582431
0 0.307434 0.661444 0.0518283 0.575598
0 0.255964 0.647465 0.055329 0.596227
0 0.0376703 0.46948 0.0554312 0.862119
0 0.0896089 0.478936 0.0557669 0.867565
0 0.159974 0.633866 0.0447399 0.586166
0 0.00792957 0.46073 0.0158591 0.86004
