0 0.925183 0.713943 0.141941 0.56877
0 0.58371 0.664171 0.144767 0.432041
0 0.451388 0.625483 0.140201 0.413736
0 0.0957518 0.429415 0.0773075 0.594583
0 0.221619 0.581137 0.0722529 0.367262
0 0.76046 0.610512 0.22657 0.693949
0 0.0313503 0.44261 0.0627006 0.525659
0 0.331479 0.47715 0.122933 0.194902
0 0.319135 0.590051 0.136434 0.415656
0 0.017175 0.417157 0.03435 0.591403
0 0.315821 0.645915 0.130125 0.298485
0 0.0164781 0.26607 0.0329562 0.279702
0 0.22192 0.456433 0.0723889 0.613865
0 0.156531 0.412194 0.059643 0.649203
0 0.824746 0.600061 0.350508 0.722878
