0 0.444115 0.704892 0.0674666 0.420915
0 0.148148 0.616205 0.0838039 0.445665
0 0.507837 0.72624 0.0672895 0.404404
0 0.377539 0.688759 0.0725072 0.417691
0 0.227832 0.651109 0.080555 0.427172
0 0.0628605 0.587474 0.0902356 0.46662
0 0.305416 0.668818 0.0766529 0.426402
0 0.628944 0.770127 0.0611311 0.353612
0 0.57043 0.7555 0.0615552 0.363054
0 0.211332 0.230978 0.0783762 0.42637
0 0.685633 0.775133 0.059001 0.374832
0 0.483896 0.313801 0.0686089 0.372168
0 0.83644 0.815362 0.0507221 0.346138
0 0.883447 0.824686 0.0503571 0.345686
0 0.788864 0.806385 0.0558718 0.353844
0 0.738512 0.789576 0.053592 0.366836
0 0.011438 0.561798 0.0228759 0.49237
0 0.928078 0.820212 0.0477246 0.35567
0 0.97215 0.737247 0.0557001 0.523929
0 0.971508 0.82254 0.0569835 0.354919
