0 0.215928 0.526361 0.0826444 0.741402
0 0.440924 0.565078 0.0768937 0.779957
0 0.652715 0.59477 0.074296 0.760065
0 0.793461 0.584521 0.0736101 0.731607
0 0.368528 0.555003 0.078479 0.802412
0 0.723638 0.584642 0.0754367 0.748506
0 0.137175 0.541402 0.0838779 0.760005
0 0.293885 0.521131 0.0789705 0.774394
0 0.510613 0.586359 0.0741312 0.788531
0 0.583774 0.600497 0.0769354 0.758859
0 0.0603519 0.533941 0.0809925 0.75644
0 0.927783 0.586458 0.0696026 0.725086
0 0.860549 0.593775 0.0713535 0.739656
0 0.978705 0.595109 0.0424351 0.716622
