0 0.172582 0.763813 0.0579702 0.290807
0 0.0449731 0.750862 0.0898002 0.442348
0 0.117462 0.785891 0.0598358 0.300209
0 0.277253 0.718579 0.054523 0.28101
0 0.34981 0.360987 0.105679 0.385524
0 0.557898 0.611921 0.0439276 0.243464
0 0.598299 0.600561 0.0407404 0.221227
0 0.226936 0.737174 0.0532762 0.289645
0 0.423362 0.647664 0.0480277 0.278707
0 0.514553 0.622598 0.0474898 0.251152
0 0.514126 0.355133 0.0465813 0.292386
0 0.469383 0.630617 0.0474891 0.263809
0 0.226038 0.437582 0.056499 0.319362
0 0.636714 0.58979 0.0399641 0.211961
0 0.556324 0.353763 0.0439508 0.26455
0 0.598936 0.352895 0.0431084 0.268409
0 0.329661 0.696118 0.0523443 0.280638
0 0.376934 0.673702 0.0494874 0.269944
0 0.942485 0.201684 0.0928902 0.313283
0 0.676629 0.566159 0.0422279 0.225336
0 0.676467 0.338342 0.0394543 0.241513
0 0.276164 0.420307 0.054118 0.314118
0 0.11386 0.485934 0.0620959 0.310453
0 0.638028 0.345976 0.040528 0.25616
0 0.852735 0.482711 0.0990326 0.219672
0 0.947407 0.452313 0.0919712 0.206035
0 0.423139 0.365134 0.0493031 0.297688
0 0.46867 0.355572 0.048461 0.297998
0 0.357236 0.678674 0.0884407 0.275081
0 0.141346 0.436663 0.116564 0.386984
0 0.377272 0.395825 0.0496469 0.276985
0 0.446529 0.354768 0.0965143 0.315336
0 0.84117 0.241462 0.116869 0.284256
0 0.17076 0.468868 0.0589859 0.302964
0 0.0165759 0.830635 0.032951 0.299779
0 0.992701 0.215716 0.0141701 0.263447
0 0.990982 0.185509 0.0180353 0.309483
