0 0.370529 0.546405 0.0755202 0.851661
0 0.438597 0.555694 0.0772365 0.857525
0 0.643878 0.567722 0.0749064 0.836191
0 0.300657 0.528095 0.0804646 0.866618
0 0.508065 0.55983 0.0767361 0.850523
0 0.777847 0.574404 0.0780113 0.822936
0 0.229863 0.516908 0.0800151 0.878337
0 0.710665 0.575536 0.0773743 0.828052
0 0.846025 0.573629 0.0787258 0.833842
0 0.576188 0.562088 0.076409 0.840319
0 0.158843 0.513964 0.0818425 0.871086
0 0.912527 0.582127 0.0789906 0.824983
0 0.0876607 0.474551 0.0786408 0.917413
0 0.0288714 0.454247 0.0577428 0.908494
0 0.968676 0.595561 0.0626473 0.797332
