0 0.42277 0.322129 0.147614 0.585948
0 0.265351 0.308223 0.152578 0.578976
0 0.584668 0.331146 0.153773 0.622591
0 0.426173 0.790278 0.137344 0.400949
0 0.109309 0.312699 0.164821 0.625398
0 0.579912 0.79822 0.139155 0.360753
0 0.276529 0.776231 0.141849 0.410545
0 0.742102 0.472461 0.162241 0.930458
0 0.129248 0.774229 0.151032 0.369481
0 0.895262 0.446812 0.167783 0.893624
0 0.732465 0.797525 0.144106 0.301189
0 0.897948 0.318188 0.160904 0.636376
0 0.744042 0.34061 0.156339 0.681221
0 0.0182397 0.495982 0.0364794 0.991841
0 0.116901 0.476829 0.175998 0.953659
