0 0.494725 0.258802 0.227391 0.273732
0 0.90145 0.402901 0.189712 0.163532
0 0.707719 0.42666 0.201453 0.186245
0 0.516793 0.629637 0.206984 0.18091
0 0.713988 0.58613 0.195223 0.16926
0 0.28401 0.54532 0.239133 0.19774
0 0.903822 0.550176 0.186626 0.159242
0 0.502764 0.469285 0.214004 0.175805
0 0.900274 0.208317 0.193142 0.24498
0 0.70774 0.216594 0.206522 0.264136
0 0.0827668 0.59594 0.165534 0.18776
0 0.0716698 0.372274 0.141654 0.307362
0 0.261769 0.299427 0.248184 0.352726
0 0.0912037 0.763634 0.181921 0.176913
0 0.714204 0.716789 0.187426 0.145175
0 0.900459 0.672884 0.185234 0.1207
0 0.521333 0.769963 0.206394 0.153315
0 0.303118 0.745785 0.232612 0.250673
0 0.0995412 0.898029 0.198616 0.169264
0 0.306242 0.801226 0.232534 0.215046
0 0.301875 0.710788 0.231857 0.177066
0 0.308847 0.847207 0.228271 0.13035
