0 0.693525 0.576357 0.044465 0.831614
0 0.73211 0.59023 0.0441324 0.81954
0 0.199415 0.559591 0.077666 0.878768
0 0.577095 0.572141 0.0438953 0.83514
0 0.381282 0.570621 0.0467911 0.84508
0 0.50006 0.573183 0.0446564 0.83034
0 0.460247 0.572998 0.0430294 0.835023
0 0.421563 0.569698 0.0434997 0.83629
0 0.653905 0.575961 0.044523 0.828502
0 0.299873 0.559268 0.0478153 0.852116
0 0.538834 0.56923 0.0435602 0.836773
0 0.341002 0.567828 0.0443995 0.857579
0 0.615699 0.573672 0.0431477 0.828341
0 0.140083 0.555857 0.0546792 0.888285
0 0.258086 0.553874 0.0464927 0.847728
0 0.0943465 0.549052 0.0518242 0.891722
0 0.770935 0.581151 0.0419021 0.832401
0 0.0367784 0.546272 0.0729296 0.875391
0 0.807748 0.698379 0.0407089 0.589838
0 0.864805 0.693748 0.0763962 0.593206
0 0.947494 0.685486 0.0933398 0.60228
0 0.923111 0.696251 0.0460897 0.592906
0 0.960186 0.684097 0.0616051 0.591999
0 0.99195 0.693474 0.0156876 0.613052
0 0.988061 0.695294 0.0221985 0.609412
