0 0.381801 0.679412 0.0605426 0.637604
0 0.593337 0.715908 0.0579884 0.568184
0 0.275641 0.675262 0.0614713 0.649477
0 0.329041 0.687373 0.0557515 0.625254
0 0.43514 0.689791 0.0574849 0.620418
0 0.487803 0.691643 0.0563619 0.616715
0 0.6451 0.713963 0.0565687 0.571564
0 0.539925 0.703799 0.0580698 0.592402
0 0.904534 0.713799 0.0575388 0.572403
0 0.219923 0.676597 0.0599826 0.646806
0 0.164719 0.680169 0.0592767 0.639663
0 0.696572 0.696874 0.057219 0.606251
0 0.747962 0.703713 0.0570107 0.592574
0 0.852086 0.711812 0.057196 0.576377
0 0.798562 0.710791 0.0567361 0.578417
0 0.956391 0.728522 0.0565088 0.542956
0 0.988769 0.720614 0.0224628 0.558773
0 0.0152404 0.515768 0.0303486 0.952033
0 0.106167 0.560175 0.0593289 0.87965
0 0.0151748 0.356901 0.0302081 0.637876
