0 0.81458 0.676919 0.0587087 0.620051
0 0.871716 0.670742 0.0614414 0.63069
0 0.608091 0.722911 0.0486027 0.546192
0 0.397629 0.753886 0.0383387 0.492228
0 0.935253 0.666044 0.0625477 0.649391
0 0.654753 0.717401 0.0508737 0.565197
0 0.758717 0.681912 0.0578858 0.617694
0 0.562523 0.731724 0.0472459 0.530072
0 0.705097 0.70728 0.055979 0.575489
0 0.982224 0.667034 0.0345596 0.660104
0 0.359721 0.748441 0.0407009 0.497842
0 0.435635 0.751721 0.0417803 0.496559
0 0.32218 0.75343 0.0337222 0.476777
0 0.469306 0.742149 0.0308081 0.508067
0 0.290991 0.75723 0.0331267 0.455568
0 0.0348641 0.78325 0.0330576 0.387708
0 0.516888 0.728263 0.039949 0.529332
0 0.10208 0.778155 0.0565144 0.404603
0 0.157873 0.773154 0.0580975 0.417021
0 0.0932 0.780637 0.0386348 0.397645
0 0.00982601 0.787693 0.0195309 0.386363
0 0.0633393 0.786297 0.0262438 0.383242
0 0.199387 0.777073 0.0325578 0.403171
0 0.260103 0.767759 0.0344246 0.444649
0 0.228232 0.775675 0.0343001 0.421721
0 0.116043 0.777684 0.0312574 0.40063
