0 0.900972 0.415146 0.0724417 0.803814
0 0.11573 0.563208 0.0789077 0.86493
0 0.964272 0.408687 0.0688404 0.806231
0 0.185648 0.578361 0.0799025 0.824622
0 0.046034 0.605272 0.0809159 0.775283
0 0.391921 0.598669 0.0671446 0.747088
0 0.251739 0.562123 0.0747322 0.855339
0 0.456163 0.592619 0.0697164 0.73322
0 0.319383 0.561969 0.0712659 0.840583
0 0.520566 0.573482 0.0644171 0.738129
0 0.83807 0.429787 0.0647675 0.817499
0 0.777127 0.458502 0.0680918 0.859218
0 0.645862 0.473721 0.0695363 0.812522
0 0.712007 0.46916 0.0717279 0.873139
0 0.58123 0.527439 0.0660284 0.783154
0 0.0107672 0.603799 0.0215343 0.792161
