0 0.154048 0.491906 0.0594383 0.728765
0 0.322723 0.52843 0.0601404 0.722365
0 0.0971533 0.478493 0.0603863 0.724234
0 0.379462 0.541135 0.0599672 0.713086
0 0.436102 0.552168 0.0587643 0.712823
0 0.269111 0.51442 0.0525571 0.716384
0 0.602859 0.590973 0.057448 0.716876
0 0.548438 0.579109 0.0589998 0.716002
0 0.492153 0.565792 0.0605343 0.712793
0 0.209028 0.503342 0.0561096 0.726889
0 0.809942 0.505321 0.0580753 0.934533
0 0.0389164 0.460129 0.0624147 0.71457
0 0.653745 0.603171 0.0543414 0.704287
0 0.759042 0.501161 0.0591544 0.938629
0 0.706937 0.494741 0.0610555 0.940055
0 0.970069 0.544566 0.0591225 0.902047
0 0.918282 0.542529 0.0625147 0.896715
0 0.864059 0.586076 0.0580189 0.799305
