0 0.715833 0.252933 0.258845 0.469779
0 0.480576 0.532551 0.238464 0.541087
0 0.0501347 0.234565 0.100247 0.459302
0 0.239084 0.297804 0.282128 0.551825
0 0.0575675 0.611708 0.115135 0.373704
0 0.712444 0.64139 0.241179 0.382629
0 0.467244 0.88943 0.231529 0.217095
0 0.23256 0.677346 0.243126 0.318875
0 0.700823 0.897848 0.221232 0.202569
0 0.23998 0.893534 0.23674 0.212637
0 0.0641917 0.881201 0.128383 0.237598
0 0.902521 0.888523 0.193376 0.222954
0 0.909643 0.67589 0.178759 0.284112
0 0.917554 0.15405 0.163361 0.24088
0 0.903724 0.769784 0.192552 0.460432
