0 0.759284 0.475485 0.0911146 0.940125
0 0.675437 0.498826 0.0869608 0.941963
0 0.843375 0.46785 0.0854145 0.920623
0 0.589911 0.505556 0.0914821 0.944086
0 0.923663 0.44902 0.084239 0.898039
0 0.418437 0.528899 0.0931075 0.937797
0 0.505493 0.526144 0.0875445 0.913787
0 0.157956 0.576707 0.0940364 0.846586
0 0.247967 0.538368 0.0935829 0.923264
0 0.333107 0.562859 0.0867126 0.863826
0 0.063714 0.54085 0.101667 0.918301
0 0.982349 0.439303 0.0353016 0.878606
0 0.00914568 0.552532 0.0182914 0.874402
