0 0.432764 0.546454 0.0935936 0.739306
0 0.708601 0.642762 0.0457095 0.664252
0 0.329913 0.514836 0.104046 0.765889
0 0.122986 0.462866 0.113544 0.801232
0 0.0329014 0.43074 0.0658028 0.819002
0 0.852656 0.669609 0.0404375 0.632689
0 0.886418 0.671919 0.0381749 0.610888
0 0.547541 0.720417 0.0444125 0.522723
0 0.588236 0.731913 0.0419687 0.520346
0 0.814084 0.660345 0.0460547 0.638755
0 0.919972 0.680476 0.0387668 0.607565
0 0.982599 0.693583 0.0348025 0.607743
0 0.668206 0.638542 0.0419833 0.699186
0 0.747374 0.606032 0.0371083 0.559255
0 0.504463 0.694544 0.0470683 0.560947
0 0.951034 0.684974 0.0371471 0.607173
0 0.627634 0.738476 0.0426881 0.511551
0 0.781308 0.621577 0.0279194 0.570347
