0 0.253969 0.68252 0.0971439 0.583046
0 0.32836 0.676691 0.0810188 0.589772
0 0.570823 0.706741 0.0776171 0.537377
0 0.486715 0.687077 0.0796862 0.569317
0 0.104714 0.637954 0.109432 0.585791
0 0.174488 0.666956 0.108115 0.591355
0 0.0456543 0.573015 0.0913086 0.693104
0 0.412021 0.555663 0.0802894 0.832605
0 0.692712 0.512979 0.17854 0.908533
0 0.71798 0.902738 0.0783926 0.182528
0 0.83605 0.506171 0.154767 0.983879
0 0.00880973 0.665001 0.0175584 0.524594
0 0.856887 0.805234 0.0810471 0.366308
0 0.801308 0.79812 0.0635109 0.369233
0 0.0102599 0.586162 0.0205198 0.671189
