0 0.763198 0.373389 0.159945 0.400523
0 0.761766 0.68659 0.149968 0.316494
0 0.519592 0.54095 0.0762804 0.72747
0 0.577411 0.546723 0.0672154 0.686016
0 0.458127 0.552513 0.0701265 0.731095
0 0.0986732 0.652594 0.0801766 0.678626
0 0.219671 0.607785 0.0732878 0.717905
0 0.163028 0.621377 0.0707454 0.704178
0 0.281174 0.537164 0.0771048 0.838678
0 0.39981 0.579785 0.0709293 0.704041
0 0.341868 0.558643 0.0717557 0.769234
0 0.0360035 0.643598 0.0714373 0.711498
0 0.632949 0.50616 0.0645922 0.728753
0 0.913695 0.472618 0.17261 0.74777
0 0.00785987 0.644361 0.0157197 0.695576
