0 0.853851 0.578794 0.262489 0.824618
0 0.263282 0.541002 0.115282 0.54991
0 0.446677 0.60793 0.120268 0.53549
0 0.358073 0.581059 0.105191 0.535872
0 0.546969 0.634135 0.123268 0.552638
0 0.0920868 0.49811 0.112775 0.530194
0 0.175854 0.50437 0.108651 0.576859
0 0.658149 0.621715 0.150921 0.631219
0 0.975915 0.592937 0.0481697 0.814126
0 0.61437 0.628482 0.246611 0.661505
0 0.134425 0.500963 0.192506 0.565764
0 0.524228 0.624638 0.431823 0.70866
0 0.0303665 0.42033 0.0603855 0.833807
0 0.412212 0.59476 0.202822 0.570598
