0 0.334163 0.298877 0.234493 0.347885
0 0.546186 0.571415 0.23124 0.383835
0 0.323727 0.585461 0.21972 0.256231
0 0.110218 0.540464 0.208519 0.219632
0 0.783431 0.678307 0.246137 0.261445
0 0.110289 0.286618 0.22018 0.319675
0 0.110946 0.744157 0.207637 0.222454
0 0.78788 0.367694 0.262932 0.380957
0 0.950779 0.880112 0.0983001 0.231149
0 0.778139 0.890282 0.247183 0.207277
0 0.322191 0.798833 0.220146 0.216522
0 0.54218 0.840953 0.224978 0.222712
0 0.953519 0.659029 0.0929623 0.232488
0 0.955013 0.367424 0.0894798 0.384969
