0 0.817968 0.545907 0.0737088 0.765068
0 0.637241 0.581897 0.0642402 0.717854
0 0.882172 0.536971 0.0789013 0.779381
0 0.694891 0.57467 0.0687955 0.727056
0 0.754553 0.567152 0.0695948 0.73199
0 0.529946 0.601757 0.0600631 0.684997
0 0.478961 0.617124 0.0583919 0.675098
0 0.582356 0.594752 0.0622894 0.696042
0 0.951574 0.520906 0.0833352 0.801682
0 0.430605 0.624891 0.0582197 0.65497
0 0.294462 0.653687 0.0593936 0.616854
0 0.383805 0.633656 0.0547565 0.637918
0 0.340814 0.6485 0.0515298 0.615748
0 0.248878 0.664273 0.0509213 0.596561
0 0.0733731 0.705522 0.113901 0.551247
0 0.208074 0.679649 0.0525163 0.577042
0 0.169484 0.693254 0.0499149 0.562246
0 0.989797 0.530548 0.0204054 0.768365
0 0.0073317 0.722798 0.0146486 0.509612
