0 0.397101 0.557293 0.083328 0.885413
0 0.470965 0.555124 0.0836929 0.889753
0 0.323493 0.559512 0.0839371 0.880977
0 0.545274 0.554803 0.083326 0.889292
0 0.617918 0.554937 0.0802348 0.887146
0 0.178654 0.583167 0.085447 0.833666
0 0.105605 0.582036 0.0853849 0.835927
0 0.250824 0.582774 0.0812932 0.834453
0 0.689361 0.554052 0.0811573 0.88118
0 0.0371201 0.588241 0.0742401 0.823519
0 0.905062 0.549122 0.081615 0.878618
0 0.760944 0.553041 0.0797899 0.883413
0 0.832918 0.55365 0.0821575 0.879075
0 0.96892 0.546981 0.0621602 0.886095
