0 0.253523 0.693899 0.0667207 0.567252
0 0.377709 0.649413 0.0633241 0.620626
0 0.122251 0.691709 0.0698629 0.574133
0 0.840009 0.667947 0.0573647 0.543792
0 0.728076 0.669379 0.0578928 0.539249
0 0.188527 0.691816 0.0668976 0.580302
0 0.316835 0.675693 0.0648379 0.593279
0 0.43722 0.664327 0.0609943 0.577026
0 0.672204 0.670828 0.0553708 0.530437
0 0.49651 0.671668 0.0615446 0.553569
0 0.0520854 0.691696 0.0699086 0.588675
0 0.554433 0.671803 0.0568109 0.537901
0 0.612942 0.665052 0.0629849 0.55082
0 0.783595 0.669792 0.05674 0.52545
0 0.913523 0.641304 0.0928751 0.541318
0 0.893745 0.648779 0.0514709 0.523915
0 0.937597 0.645414 0.0430094 0.506566
0 0.993614 0.531901 0.012714 0.728257
