0 0.951663 0.656574 0.0957895 0.673619
0 0.431326 0.617674 0.0968415 0.690568
0 0.866848 0.651598 0.0960944 0.675992
0 0.609157 0.630349 0.0968606 0.673648
0 0.694746 0.63621 0.0936429 0.662937
0 0.0873327 0.60393 0.0975773 0.682055
0 0.344254 0.616637 0.0959349 0.676213
0 0.780982 0.644036 0.0968651 0.668337
0 0.2589 0.605271 0.095962 0.696898
0 0.17406 0.611906 0.0958471 0.692122
0 0.516333 0.649188 0.0925464 0.631132
0 0.0249214 0.608567 0.0498427 0.665953
0 0.994445 0.683311 0.0111107 0.614812
