0 0.086946 0.265482 0.166049 0.527371
0 0.242533 0.276706 0.157359 0.510219
0 0.542866 0.284669 0.153981 0.509464
0 0.691256 0.290023 0.148471 0.485289
0 0.394208 0.28968 0.157129 0.506685
0 0.401998 0.756761 0.149727 0.448408
0 0.684551 0.744146 0.13972 0.439352
0 0.546187 0.749916 0.146328 0.444754
0 0.937545 0.284122 0.0893845 0.484096
0 0.83157 0.288001 0.145731 0.480653
0 0.822346 0.734889 0.145577 0.435452
0 0.931534 0.732331 0.0871973 0.433417
0 0.251147 0.748333 0.158472 0.46436
0 0.0939043 0.673694 0.154903 0.317456
0 0.987907 0.277855 0.0241868 0.555709
0 0.093407 0.741288 0.155467 0.451982
0 0.988121 0.450372 0.0237581 0.89574
0 0.00970073 0.753545 0.0193985 0.491582
