0 0.911563 0.564511 0.0862589 0.779065
0 0.346957 0.570653 0.0832985 0.819221
0 0.267432 0.574186 0.0852632 0.819447
0 0.661462 0.575499 0.0853611 0.825984
0 0.425646 0.571943 0.0828988 0.82389
0 0.748318 0.581069 0.0865269 0.812911
0 0.504211 0.577415 0.0824142 0.820626
0 0.109717 0.564982 0.0820533 0.805891
0 0.582309 0.571989 0.0815146 0.823137
0 0.0362336 0.566528 0.0724673 0.808152
0 0.830699 0.571799 0.08493 0.795851
0 0.187545 0.565883 0.0815544 0.80342
0 0.974955 0.560809 0.0500118 0.778451
