0 0.331062 0.312652 0.103274 0.57426
0 0.866398 0.5327 0.214487 0.463727
0 0.514059 0.31652 0.108192 0.561487
0 0.422245 0.317481 0.105775 0.559632
0 0.18328 0.533359 0.19986 0.466423
0 0.659267 0.604809 0.217334 0.572805
0 0.886518 0.174945 0.22692 0.332271
0 0.322765 0.792712 0.096204 0.414576
0 0.669058 0.185363 0.211918 0.334861
0 0.496402 0.799659 0.098154 0.400681
0 0.408205 0.803381 0.0949211 0.393238
0 0.185619 0.173712 0.201489 0.346866
0 0.682384 0.924898 0.26997 0.150204
0 0.0448984 0.538003 0.0897145 0.474245
0 0.983069 0.54751 0.0336826 0.510015
0 0.0447897 0.405753 0.0892424 0.747793
0 0.889643 0.87108 0.219952 0.25784
0 0.0277641 0.178153 0.0555282 0.346379
