0 0.45268 0.621865 0.100508 0.714902
0 0.545268 0.57507 0.103081 0.821755
0 0.353482 0.595684 0.106209 0.7491
0 0.752182 0.575064 0.106758 0.846734
0 0.655464 0.552625 0.109223 0.830927
0 0.157584 0.479717 0.102431 0.959434
0 0.25617 0.506647 0.105342 0.92397
0 0.843872 0.568668 0.106738 0.842828
0 0.0647677 0.47909 0.107556 0.95818
0 0.936504 0.504553 0.111083 0.980861
0 0.0159882 0.483522 0.0319764 0.961762
0 0.985975 0.506484 0.0280497 0.962218
0 0.0136464 0.319921 0.0271915 0.586153
0 0.850696 0.5 0.297464 1
0 0.933762 0.369038 0.104456 0.706527
0 0.0187187 0.337093 0.0374072 0.666261
