0 0.367715 0.572818 0.0694378 0.744173
0 0.238173 0.561475 0.0713378 0.735429
0 0.173736 0.55358 0.0700682 0.73312
0 0.556431 0.670962 0.0673492 0.574861
0 0.620883 0.677087 0.0690516 0.582413
0 0.821462 0.698434 0.0703243 0.554983
0 0.111276 0.54826 0.0696682 0.734361
0 0.753027 0.689558 0.0772672 0.578327
0 0.302708 0.569179 0.0705468 0.734225
0 0.0490527 0.543953 0.0713228 0.721697
0 0.88939 0.700341 0.0716897 0.557555
0 0.493452 0.667468 0.0665718 0.572534
0 0.683496 0.681262 0.0662704 0.56945
0 0.959489 0.703943 0.0755944 0.576038
0 0.431156 0.550774 0.069734 0.779919
0 0.0102042 0.549796 0.0204083 0.69121
