0 0.0974417 0.687632 0.0619183 0.601813
0 0.427842 0.692715 0.0559892 0.565458
0 0.211094 0.692744 0.0618662 0.583054
0 0.15435 0.686435 0.0618188 0.599685
0 0.480887 0.68509 0.0577337 0.587811
0 0.534179 0.671814 0.0576101 0.596466
0 0.374018 0.688473 0.056381 0.569148
0 0.588219 0.673247 0.0593822 0.598164
0 0.320395 0.690505 0.0582291 0.571312
0 0.695489 0.672669 0.0586187 0.605586
0 0.265793 0.689193 0.0595908 0.564752
0 0.74752 0.676753 0.0573763 0.604395
0 0.642765 0.669416 0.0590376 0.604191
0 0.0411896 0.679272 0.0605737 0.602599
0 0.801981 0.574183 0.0614117 0.801937
0 0.855152 0.552842 0.0568706 0.826054
0 0.906834 0.562314 0.0573994 0.767371
0 0.959311 0.610111 0.0580969 0.699823
0 0.00992409 0.693809 0.0198077 0.582613
0 0.989989 0.619316 0.0198422 0.717498
