0 0.928664 0.571738 0.0767063 0.828005
0 0.530948 0.597847 0.0601237 0.70903
0 0.474676 0.601605 0.0577051 0.687505
0 0.648913 0.592412 0.0650711 0.748654
0 0.857083 0.577656 0.0732902 0.799744
0 0.783797 0.576995 0.0765923 0.796141
0 0.714116 0.592525 0.0683305 0.766223
0 0.420569 0.593768 0.0566847 0.681374
0 0.588724 0.591155 0.0617994 0.728439
0 0.369865 0.590613 0.052939 0.674548
0 0.32071 0.59277 0.0519133 0.657559
0 0.0138274 0.58618 0.0276548 0.587119
0 0.132214 0.581473 0.0525605 0.611313
0 0.179724 0.593368 0.0461001 0.620812
0 0.270704 0.59361 0.0501304 0.654895
0 0.225541 0.599223 0.0461088 0.631467
0 0.982822 0.570099 0.0343556 0.842207
0 0.0465291 0.577895 0.0398726 0.587276
0 0.0872953 0.581845 0.0369156 0.593635
0 0.0595297 0.581319 0.0671004 0.5916
