0 0.381345 0.76985 0.175935 0.405013
0 0.204548 0.791288 0.178892 0.405799
0 0.201322 0.365755 0.184621 0.489435
0 0.559366 0.756189 0.178622 0.421213
0 0.380555 0.314282 0.179773 0.537223
0 0.0578393 0.80129 0.115616 0.397421
0 0.559127 0.318545 0.170701 0.498666
0 0.813576 0.528274 0.0691994 0.784792
0 0.873949 0.515434 0.0672741 0.782018
0 0.0549577 0.391888 0.109915 0.461023
0 0.931763 0.514826 0.066098 0.7801
0 0.978571 0.496275 0.0428573 0.801437
0 0.717346 0.543305 0.132557 0.853238
0 0.750106 0.5277 0.06791 0.814725
0 0.68822 0.536181 0.0739653 0.836181
