0 0.291198 0.62756 0.207002 0.273489
0 0.506538 0.850479 0.194057 0.240791
0 0.100856 0.59837 0.176014 0.271118
0 0.883757 0.494422 0.160356 0.255376
0 0.879369 0.189233 0.17367 0.355749
0 0.702767 0.86358 0.192233 0.230481
0 0.704519 0.612675 0.193055 0.294008
0 0.102935 0.841679 0.182577 0.227236
0 0.293709 0.853958 0.203449 0.216127
0 0.299742 0.30152 0.219306 0.406464
0 0.511516 0.512913 0.193911 0.442219
0 0.101396 0.27574 0.18271 0.384002
0 0.706499 0.271634 0.193948 0.404249
0 0.899084 0.799282 0.195103 0.365174
0 0.896551 0.734676 0.186434 0.236281
0 0.897599 0.879318 0.195777 0.211777
0 0.980226 0.636704 0.0395473 0.726592
