0 0.399956 0.623232 0.0637455 0.712895
0 0.457931 0.626013 0.0584989 0.69948
0 0.737383 0.522837 0.127148 0.876759
0 0.61187 0.513308 0.129873 0.919915
0 0.51665 0.621719 0.0634928 0.700847
0 0.894163 0.704191 0.0668877 0.462635
0 0.182041 0.605124 0.122034 0.764444
0 0.0589462 0.590788 0.117719 0.818423
0 0.829489 0.704077 0.0635875 0.481683
0 0.958103 0.478874 0.0688568 0.902351
0 0.309383 0.618771 0.113996 0.723079
0 0.990526 0.474541 0.0189473 0.913459
0 0.339878 0.624594 0.0548854 0.710525
0 0.990312 0.724557 0.0188143 0.401804
