0 0.568677 0.552724 0.0595682 0.747567
0 0.730275 0.585584 0.0584041 0.740111
0 0.676414 0.573225 0.0603675 0.747209
0 0.622185 0.562974 0.0591206 0.747238
0 0.515652 0.541426 0.0592807 0.756487
0 0.0341941 0.409249 0.0599226 0.681082
0 0.303895 0.49475 0.0584918 0.743327
0 0.256501 0.505331 0.0498114 0.687717
0 0.783753 0.588557 0.059576 0.718859
0 0.356732 0.509115 0.0598048 0.755195
0 0.141873 0.435727 0.0611652 0.733064
0 0.0869957 0.426657 0.059584 0.712591
0 0.462491 0.541 0.0594589 0.73913
0 0.409447 0.525842 0.0586433 0.741291
0 0.838855 0.60675 0.0605465 0.723203
0 0.894157 0.617533 0.0611809 0.726917
0 0.949256 0.624655 0.060996 0.718052
0 0.198356 0.473303 0.0644095 0.702534
0 0.988402 0.637079 0.0231965 0.711529
0 0.0048691 0.38926 0.0096688 0.681067
