0 0.439636 0.478222 0.0882113 0.956444
0 0.277397 0.489236 0.0849016 0.978471
0 0.521892 0.473351 0.0869704 0.946701
0 0.358339 0.484757 0.0894319 0.969513
0 0.6883 0.462501 0.0894941 0.925003
0 0.201584 0.48999 0.0806852 0.97998
0 0.129026 0.489901 0.0766735 0.979801
0 0.604912 0.471173 0.0913071 0.942346
0 0.0590061 0.489906 0.0772792 0.969485
0 0.774538 0.457468 0.0916862 0.914937
0 0.856391 0.444103 0.0802932 0.888206
0 0.945831 0.452522 0.0886737 0.905044
0 0.993356 0.445243 0.0129286 0.890486
0 0.990541 0.464077 0.0189182 0.889304
