0 0.493302 0.64595 0.0701054 0.634191
0 0.429189 0.631853 0.0690856 0.658744
0 0.238466 0.616454 0.0705929 0.661089
0 0.5598 0.652649 0.0713213 0.634384
0 0.0461341 0.598635 0.0707099 0.657605
0 0.824104 0.676259 0.0711986 0.647481
0 0.365527 0.63227 0.068916 0.652159
0 0.110603 0.609236 0.068654 0.656087
0 0.301933 0.630226 0.0672101 0.646641
0 0.173705 0.616702 0.068181 0.656693
0 0.69134 0.661962 0.0725064 0.641558
0 0.89117 0.675238 0.0720242 0.649524
0 0.624631 0.655567 0.0670824 0.634386
0 0.758206 0.668559 0.0694103 0.647673
0 0.958263 0.673161 0.0736447 0.653678
0 0.994194 0.678405 0.011496 0.643189
