0 0.209477 0.681106 0.0607377 0.625866
0 0.376285 0.677073 0.0608257 0.630349
0 0.0940864 0.681582 0.0627684 0.61701
0 0.433011 0.683951 0.0584225 0.603992
0 0.319791 0.687779 0.0600644 0.615159
0 0.26444 0.683807 0.0599088 0.623426
0 0.152314 0.675363 0.0596602 0.627276
0 0.701298 0.685498 0.0566061 0.615211
0 0.753159 0.672241 0.057292 0.625549
0 0.649266 0.685799 0.0562192 0.612574
0 0.0392984 0.690916 0.0592316 0.612515
0 0.595894 0.675141 0.0573547 0.626309
0 0.542905 0.685915 0.0576387 0.600337
0 0.488067 0.680598 0.0586153 0.604351
0 0.808854 0.569536 0.0593828 0.818217
0 0.917562 0.56419 0.0593563 0.793849
0 0.862901 0.556358 0.0598368 0.835724
0 0.970645 0.512033 0.057412 0.882619
0 0.0079525 0.710065 0.015905 0.57987
