0 0.0424096 0.675308 0.0848055 0.649385
0 0.534297 0.74461 0.135117 0.497936
0 0.532886 0.278069 0.119608 0.488268
0 0.652429 0.717206 0.115866 0.490044
0 0.65146 0.269977 0.123508 0.459113
0 0.362281 0.664913 0.0553867 0.628492
0 0.866774 0.487631 0.0519649 0.882657
0 0.827463 0.504445 0.0511967 0.883961
0 0.781773 0.506823 0.0480995 0.880259
0 0.739128 0.497903 0.057781 0.906131
0 0.447529 0.64982 0.0470056 0.64429
0 0.407161 0.654968 0.0478083 0.633842
0 0.2062 0.626201 0.249536 0.747598
0 0.427675 0.607237 0.0934157 0.737719
0 0.739655 0.72576 0.0520527 0.460734
0 0.0736675 0.240342 0.082267 0.323608
