0 0.925501 0.598426 0.13732 0.448217
0 0.793587 0.733898 0.129982 0.198114
0 0.395215 0.788448 0.137346 0.194008
0 0.236709 0.554025 0.17331 0.44522
0 0.799471 0.450449 0.140395 0.428014
0 0.0802254 0.651771 0.160451 0.681504
0 0.532674 0.782129 0.134697 0.208471
0 0.396768 0.508821 0.147116 0.403151
0 0.531724 0.575542 0.132313 0.269763
0 0.665536 0.746427 0.13235 0.219458
0 0.527373 0.275346 0.128916 0.394938
0 0.242671 0.835994 0.166967 0.229868
0 0.662851 0.55153 0.132012 0.250703
0 0.644572 0.22625 0.122155 0.4525
0 0.394723 0.571692 0.144495 0.283087
0 0.663989 0.633412 0.134526 0.418563
0 0.650477 0.305525 0.132248 0.61105
0 0.391298 0.625302 0.149642 0.181315
