0 0.0961213 0.551631 0.0790235 0.881158
0 0.64344 0.581879 0.0725085 0.82204
0 0.464977 0.57308 0.0740015 0.852808
0 0.822669 0.664639 0.0693973 0.659211
0 0.0366293 0.559727 0.0732587 0.880546
0 0.702188 0.585095 0.0723228 0.815421
0 0.159468 0.549121 0.0805789 0.89426
0 0.583696 0.570033 0.0741495 0.84766
0 0.761904 0.582 0.072518 0.830652
0 0.523879 0.57116 0.0739613 0.853694
0 0.403457 0.561435 0.0767275 0.877129
0 0.221894 0.554782 0.0787716 0.867155
0 0.882779 0.662014 0.0693218 0.630341
0 0.343956 0.521141 0.0749674 0.950916
0 0.944959 0.687614 0.0686069 0.599759
0 0.283129 0.550231 0.0754081 0.890731
0 0.984988 0.678719 0.0300238 0.615876
