0 0.0353132 0.571862 0.0615802 0.794891
0 0.148119 0.570331 0.0632573 0.800005
0 0.321664 0.593349 0.0615034 0.813301
0 0.2042 0.575145 0.0585189 0.792056
0 0.431937 0.596281 0.0606386 0.78959
0 0.539006 0.582234 0.0582304 0.795214
0 0.261479 0.577695 0.0669209 0.801985
0 0.753269 0.613179 0.0597557 0.771795
0 0.860706 0.587884 0.0584198 0.799767
0 0.806917 0.60781 0.0596152 0.776449
0 0.091434 0.56866 0.0621956 0.795512
0 0.699083 0.612243 0.0563988 0.769672
0 0.376981 0.587697 0.0592546 0.80873
0 0.646406 0.60537 0.0594625 0.778334
0 0.486273 0.57856 0.0590804 0.816603
0 0.592307 0.595205 0.0594268 0.799288
0 0.912199 0.597611 0.0573076 0.774153
0 0.966365 0.601164 0.0607579 0.766702
0 0.00525346 0.552132 0.0105069 0.840513
