0 0.0478911 0.512033 0.0956188 0.874703
0 0.868339 0.280286 0.135722 0.509912
0 0.756912 0.753918 0.139183 0.492165
0 0.629079 0.749831 0.137309 0.48257
0 0.962144 0.281725 0.0757116 0.50662
0 0.883505 0.752432 0.132523 0.48944
0 0.607247 0.373153 0.102896 0.341034
0 0.725462 0.336666 0.118295 0.412079
0 0.142024 0.50933 0.144697 0.914632
0 0.493465 0.65424 0.125053 0.646044
0 0.968296 0.755057 0.0634086 0.485054
0 0.260809 0.599406 0.14472 0.73501
0 0.379444 0.608879 0.135596 0.734021
0 0.381748 0.496497 0.145276 0.992993
