0 0.910371 0.653617 0.164226 0.279974
0 0.754229 0.611647 0.147703 0.275459
0 0.757579 0.299082 0.151103 0.364648
0 0.914155 0.342704 0.162205 0.369296
0 0.25325 0.624627 0.16817 0.281873
0 0.426989 0.633598 0.163376 0.270908
0 0.258339 0.308765 0.164881 0.362858
0 0.596461 0.627355 0.167197 0.267626
0 0.0947562 0.62499 0.150639 0.289989
0 0.420965 0.326892 0.163032 0.367826
0 0.751599 0.856183 0.15291 0.236038
0 0.590301 0.861124 0.163243 0.232241
0 0.599247 0.321823 0.171678 0.361062
0 0.264531 0.869732 0.159807 0.232892
0 0.424516 0.867323 0.161988 0.231657
0 0.101442 0.873318 0.148198 0.22972
0 0.91309 0.87985 0.165221 0.19767
0 0.0999517 0.302976 0.153506 0.368403
0 0.0143199 0.285182 0.0286398 0.409456
