0 0.405336 0.672353 0.131438 0.590083
0 0.0553106 0.630309 0.107394 0.726404
0 0.677867 0.501858 0.0506037 0.83438
0 0.726331 0.503056 0.0506945 0.802124
0 0.630614 0.489052 0.0526781 0.881916
0 0.891279 0.512917 0.115074 0.793172
0 0.770749 0.50395 0.0448829 0.781068
0 0.267681 0.633851 0.0451709 0.627774
0 0.225607 0.641411 0.0485349 0.632307
0 0.312189 0.625891 0.0528624 0.631916
0 0.814677 0.536115 0.0472141 0.738002
0 0.536385 0.654896 0.135965 0.591437
0 0.962463 0.500795 0.0750736 0.768552
0 0.134556 0.644265 0.0510233 0.676903
0 0.177789 0.645483 0.0459824 0.661167
0 0.147302 0.633924 0.0789541 0.696751
0 0.00646206 0.66047 0.0128889 0.67906
0 0.976545 0.502064 0.0462284 0.739718
