0 0.51054 0.502023 0.0491279 0.914796
0 0.46338 0.508308 0.0529091 0.9128
0 0.779827 0.51953 0.0551071 0.865841
0 0.59845 0.495199 0.0507531 0.935276
0 0.687531 0.508299 0.0485775 0.889801
0 0.0869659 0.50351 0.0598751 0.935155
0 0.643745 0.507166 0.0519746 0.917194
0 0.322756 0.550713 0.0529357 0.84675
0 0.415711 0.51782 0.0519564 0.912686
0 0.279236 0.567893 0.0494686 0.802322
0 0.184352 0.503925 0.0578937 0.926108
0 0.732111 0.52029 0.0519024 0.873121
0 0.554906 0.490651 0.0487011 0.9331
0 0.135747 0.506715 0.0543301 0.918374
0 0.368443 0.520428 0.0534304 0.891788
0 0.826397 0.501655 0.0506325 0.886262
0 0.234661 0.608869 0.050362 0.722309
0 0.915041 0.488729 0.0558014 0.902273
0 0.960318 0.49313 0.0570036 0.905552
0 0.871142 0.504741 0.0529182 0.880436
0 0.0397048 0.509907 0.0592771 0.937727
0 0.0124611 0.527112 0.0249222 0.940319
0 0.991366 0.532188 0.0168121 0.821499
0 0.104444 0.506412 0.0650999 0.929057
