0 0.646743 0.301 0.173061 0.566573
0 0.189571 0.346529 0.176747 0.582011
0 0.200722 0.804137 0.172323 0.391726
0 0.362757 0.29849 0.17678 0.554702
0 0.0521252 0.367328 0.10425 0.561275
0 0.368741 0.77053 0.168834 0.454049
0 0.789987 0.28771 0.119462 0.545614
0 0.644785 0.774409 0.166303 0.426292
0 0.0578605 0.809528 0.115625 0.380944
0 0.783293 0.759998 0.113437 0.42216
0 0.903674 0.575769 0.12751 0.547647
0 0.508788 0.775365 0.110343 0.416958
0 0.479352 0.306495 0.0617033 0.525716
0 0.534512 0.2976 0.0579025 0.532511
0 0.984008 0.506613 0.031983 0.922787
0 0.520842 0.299743 0.0859138 0.533663
0 0.983639 0.650232 0.0327223 0.599042
