0 0.101229 0.486635 0.0732161 0.850204
0 0.2881 0.511457 0.0787328 0.841883
0 0.481805 0.487024 0.0746174 0.897272
0 0.686484 0.624297 0.0691409 0.671156
0 0.353598 0.508277 0.0752107 0.846387
0 0.817532 0.645006 0.0737312 0.684667
0 0.622319 0.622907 0.0701737 0.654025
0 0.222556 0.508237 0.0740462 0.83462
0 0.161451 0.491524 0.075687 0.853827
0 0.750758 0.617499 0.0724854 0.698381
0 0.884902 0.65441 0.0738652 0.687874
0 0.417575 0.500659 0.0740593 0.857569
0 0.952008 0.652595 0.0738706 0.694809
0 0.0455201 0.476976 0.0679872 0.844203
0 0.549631 0.499747 0.0797375 0.89205
0 0.0135832 0.496569 0.0271665 0.801607
