0 0.258584 0.330031 0.160082 0.519946
0 0.576414 0.318241 0.167809 0.543242
0 0.259726 0.739053 0.160322 0.447987
0 0.907598 0.322332 0.177291 0.568687
0 0.580277 0.752225 0.163941 0.446793
0 0.0978556 0.719891 0.163554 0.450125
0 0.739737 0.765216 0.166303 0.446167
0 0.739841 0.337125 0.175222 0.530479
0 0.415781 0.319374 0.167132 0.525769
0 0.420373 0.745625 0.159684 0.451736
0 0.908289 0.775713 0.176073 0.448575
0 0.101287 0.305028 0.162835 0.509474
0 0.0133992 0.295487 0.0267985 0.556503
0 0.0137229 0.723343 0.0274458 0.422249
