0 0.471096 0.341558 0.160996 0.473875
0 0.473438 0.749085 0.158862 0.400835
0 0.630645 0.721974 0.153343 0.406286
0 0.185248 0.677095 0.100156 0.58835
0 0.837993 0.52389 0.0612026 0.746894
0 0.893938 0.513331 0.0634243 0.758813
0 0.627327 0.309918 0.151994 0.470054
0 0.0693147 0.62932 0.138405 0.708371
0 0.784739 0.543256 0.0576696 0.728312
0 0.946183 0.503499 0.0573604 0.762937
0 0.734111 0.548129 0.0483563 0.731112
0 0.982623 0.525414 0.0347549 0.688485
0 0.313958 0.65528 0.158593 0.600841
0 0.365068 0.658297 0.0571318 0.582011
0 0.77284 0.530101 0.084111 0.756787
0 0.75785 0.558043 0.023727 0.714254
