0 0.087334 0.220903 0.146811 0.419195
0 0.214378 0.243583 0.131619 0.403173
0 0.434839 0.690994 0.128433 0.463001
0 0.332891 0.258975 0.129837 0.407972
0 0.0809631 0.701015 0.147939 0.589253
0 0.447975 0.288815 0.12463 0.383948
0 0.320746 0.711885 0.130522 0.518985
0 0.206022 0.630117 0.131047 0.391761
0 0.543956 0.710775 0.126297 0.448407
0 0.649646 0.563044 0.128687 0.774739
0 0.550611 0.525653 0.1378 0.839658
0 0.975393 0.563608 0.049215 0.872785
0 0.557892 0.295748 0.120487 0.408951
0 0.641954 0.724908 0.123775 0.493179
