0 0.365562 0.610059 0.192254 0.313446
0 0.551479 0.503841 0.194858 0.503385
0 0.359471 0.276157 0.203273 0.459817
0 0.177016 0.532806 0.198459 0.494422
0 0.715685 0.465603 0.150949 0.264846
0 0.917249 0.498581 0.165257 0.539052
0 0.380266 0.852946 0.188116 0.27234
0 0.704716 0.190689 0.168127 0.379482
0 0.192174 0.865457 0.193722 0.269085
0 0.558434 0.847636 0.173277 0.267863
0 0.926327 0.843329 0.1473 0.259091
0 0.545916 0.145696 0.164335 0.288407
0 0.043857 0.238272 0.0877141 0.470004
0 0.901534 0.150641 0.196526 0.300331
0 0.0209372 0.780583 0.0418743 0.434104
0 0.0430234 0.677831 0.0857636 0.644338
