0 0.276263 0.556355 0.0800268 0.807706
0 0.480739 0.653501 0.0718508 0.622269
0 0.348401 0.559388 0.0772357 0.801147
0 0.551716 0.649476 0.0798399 0.616385
0 0.131088 0.564727 0.0757424 0.808357
0 0.201513 0.558242 0.0802082 0.811887
0 0.41546 0.646342 0.0701508 0.614148
0 0.960583 0.269067 0.0768108 0.500173
0 0.883968 0.740139 0.0895853 0.454988
0 0.962747 0.744414 0.0743401 0.454196
0 0.0609437 0.570722 0.0780421 0.809355
0 0.878985 0.272195 0.0934067 0.500865
0 0.63283 0.731377 0.0768515 0.469047
0 0.713934 0.729469 0.0707983 0.464286
0 0.0142448 0.573408 0.0284896 0.824816
0 0.802653 0.739693 0.0776819 0.446313
0 0.668346 0.427798 0.155742 0.336594
0 0.666477 0.595156 0.156409 0.670281
