0 0.878607 0.436453 0.242786 0.525101
0 0.473403 0.563356 0.174364 0.441534
0 0.316486 0.265278 0.172513 0.37336
0 0.147346 0.508331 0.15224 0.246061
0 0.882681 0.823417 0.228425 0.338894
0 0.15819 0.240211 0.151493 0.333581
0 0.308175 0.559198 0.159137 0.260196
0 0.701121 0.587128 0.071592 0.422888
0 0.589201 0.501022 0.0629645 0.403893
0 0.643556 0.517768 0.0575932 0.392146
0 0.484689 0.222281 0.156063 0.264722
0 0.0594875 0.170438 0.0940474 0.30603
0 0.0132147 0.405964 0.0263198 0.208854
0 0.65087 0.281352 0.179681 0.326491
0 0.00870425 0.156838 0.0174085 0.313677
