0 0.710662 0.382887 0.190278 0.466787
0 0.540963 0.368062 0.178063 0.402926
0 0.705698 0.74179 0.185812 0.37032
0 0.890785 0.809435 0.198314 0.377271
0 0.0817741 0.256997 0.157396 0.378468
0 0.228163 0.311592 0.156997 0.36205
0 0.894251 0.434903 0.199032 0.50638
0 0.53698 0.690117 0.172365 0.35377
0 0.375273 0.635305 0.164783 0.344012
0 0.380914 0.324966 0.166583 0.390092
0 0.0834741 0.545977 0.149121 0.308525
0 0.226567 0.59349 0.150728 0.308716
0 0.150911 0.890234 0.299239 0.219531
0 0.381618 0.944004 0.180121 0.111993
0 0.00690798 0.278358 0.0136666 0.405735
