0 0.449452 0.498911 0.0537722 0.920199
0 0.397636 0.499206 0.0562048 0.91236
0 0.49606 0.493428 0.0510955 0.932143
0 0.892004 0.463828 0.0679024 0.924299
0 0.260965 0.512974 0.054798 0.930607
0 0.543247 0.484971 0.0533535 0.948781
0 0.746771 0.471724 0.0563818 0.932244
0 0.688244 0.469959 0.0672777 0.934619
0 0.167604 0.518687 0.0585398 0.929105
0 0.214365 0.507475 0.0512425 0.923823
0 0.309699 0.518606 0.0512342 0.90245
0 0.353276 0.513517 0.0429774 0.892663
0 0.795144 0.475251 0.0527452 0.925342
0 0.947978 0.473968 0.0579468 0.932683
0 0.122489 0.520357 0.0487983 0.914093
0 0.603347 0.479595 0.0772314 0.925727
0 0.830538 0.461421 0.0481153 0.910967
0 0.809637 0.466077 0.0813854 0.917956
0 0.0525079 0.529456 0.104215 0.931379
0 0.987244 0.468713 0.0255125 0.93576
