0 0.449209 0.787264 0.0758713 0.398111
0 0.676589 0.789446 0.0730641 0.396285
0 0.749836 0.786635 0.0716198 0.39963
0 0.908368 0.787574 0.0715427 0.402116
0 0.600383 0.790661 0.0737779 0.394194
0 0.223609 0.786113 0.076246 0.39004
0 0.144085 0.788069 0.0779963 0.383582
0 0.0685415 0.775367 0.0713922 0.395977
0 0.833593 0.789605 0.0762509 0.40031
0 0.524164 0.79365 0.0735763 0.38436
0 0.300205 0.787115 0.0737217 0.389137
0 0.377739 0.646525 0.0739088 0.674119
0 0.374656 0.784618 0.0755354 0.405692
0 0.674328 0.66296 0.0742538 0.648794
0 0.976638 0.792512 0.0466163 0.392237
0 0.592369 0.469033 0.0721084 0.334145
0 0.522871 0.473357 0.0685028 0.325423
0 0.305802 0.643263 0.0772241 0.676752
0 0.737099 0.450522 0.0663224 0.313855
0 0.597812 0.695271 0.0750103 0.581812
0 0.523286 0.650493 0.073271 0.670699
0 0.874327 0.470804 0.07169 0.353157
