0 0.0706633 0.71595 0.131779 0.527001
0 0.467735 0.241795 0.134762 0.452078
0 0.198323 0.278018 0.133163 0.487153
0 0.0665495 0.269742 0.129274 0.413249
0 0.200305 0.75698 0.129379 0.466687
0 0.463171 0.703337 0.133566 0.534658
0 0.330949 0.250249 0.131052 0.436848
0 0.330783 0.705232 0.129974 0.533648
0 0.762042 0.629333 0.0499016 0.585116
0 0.690483 0.563866 0.0839722 0.762322
0 0.590243 0.545633 0.11667 0.719276
0 0.918209 0.542559 0.0525559 0.587916
0 0.873374 0.555362 0.0518615 0.578357
0 0.968917 0.443847 0.0620502 0.751584
0 0.823344 0.566448 0.0637285 0.636613
0 0.00496229 0.735849 0.0097291 0.524333
