0 0.82034 0.691229 0.122274 0.554462
0 0.815234 0.223809 0.119291 0.447617
0 0.701159 0.248261 0.113263 0.469727
0 0.707422 0.69568 0.113361 0.498058
0 0.068806 0.834023 0.112468 0.331955
0 0.0664771 0.472928 0.108881 0.439803
0 0.173405 0.731015 0.110305 0.501384
0 0.170347 0.278926 0.112195 0.458508
0 0.481408 0.303946 0.105877 0.439846
0 0.277106 0.292682 0.107158 0.45893
0 0.937407 0.22205 0.124388 0.4435
0 0.379397 0.312626 0.105286 0.47924
0 0.278087 0.731455 0.107784 0.492646
0 0.488831 0.729394 0.112215 0.491978
0 0.381748 0.732954 0.10769 0.472462
0 0.936467 0.681325 0.120783 0.568243
0 0.596924 0.641089 0.114267 0.662304
0 0.00856397 0.518639 0.0170725 0.41157
0 0.0102372 0.83985 0.0203303 0.30583
