0 0.350278 0.540783 0.114759 0.83355
0 0.451839 0.548273 0.111443 0.836842
0 0.251558 0.593351 0.107731 0.728589
0 0.964762 0.79059 0.070475 0.41882
0 0.159791 0.589872 0.108433 0.720468
0 0.771301 0.506057 0.138476 0.96671
0 0.882193 0.791469 0.102789 0.417061
0 0.555838 0.496743 0.113446 0.962396
0 0.0355236 0.466882 0.0710472 0.933764
0 0.658747 0.50697 0.122838 0.978371
0 0.656884 0.741561 0.103499 0.478696
0 0.964569 0.492139 0.0708616 0.908631
0 0.884684 0.355787 0.111048 0.708737
0 0.882777 0.503217 0.113755 0.975734
0 0.0906084 0.455167 0.0855562 0.910334
0 0.964783 0.354658 0.0702027 0.663896
0 0.656692 0.278253 0.115523 0.518377
