0 0.793211 0.516576 0.180296 0.459225
0 0.209552 0.64705 0.068446 0.635621
0 0.270316 0.584838 0.0668939 0.742999
0 0.786617 0.829759 0.163414 0.195124
0 0.146363 0.646755 0.0646936 0.643245
0 0.581682 0.146957 0.178472 0.284481
0 0.0863447 0.639698 0.0681767 0.676871
0 0.334566 0.650142 0.066706 0.614128
0 0.0245236 0.597618 0.0490471 0.760131
0 0.587136 0.395666 0.19211 0.216368
0 0.397841 0.608241 0.063394 0.701008
0 0.598695 0.725246 0.213452 0.43376
0 0.463347 0.711514 0.0607646 0.511769
0 0.958473 0.504567 0.0816702 0.808244
0 0.462838 0.56579 0.0628635 0.793378
0 0.900594 0.545171 0.0574953 0.710669
