0 0.601961 0.764911 0.0538014 0.447646
0 0.448773 0.307121 0.0507955 0.489196
0 0.183619 0.695899 0.0587376 0.608201
0 0.805295 0.762509 0.0532219 0.443573
0 0.302847 0.314661 0.0567075 0.483702
0 0.652839 0.76983 0.0531994 0.452138
0 0.4476 0.775156 0.053173 0.449254
0 0.129088 0.701089 0.0584248 0.597821
0 0.499199 0.772926 0.0545367 0.454148
0 0.341449 0.773325 0.0561429 0.446649
0 0.551271 0.768345 0.054385 0.454421
0 0.781181 0.307579 0.0530935 0.484514
0 0.597976 0.296115 0.057343 0.503474
0 0.907994 0.755682 0.0562082 0.449036
0 0.703213 0.772954 0.0536671 0.444177
0 0.855872 0.763377 0.0543045 0.437788
0 0.496456 0.311358 0.0509117 0.46658
0 0.95973 0.755256 0.054254 0.450514
0 0.353515 0.315116 0.0472567 0.472924
0 0.288654 0.775501 0.0552787 0.448999
0 0.918219 0.264535 0.0521633 0.52907
0 0.872052 0.261026 0.045709 0.522053
0 0.825348 0.296787 0.0455847 0.484708
0 0.754668 0.767125 0.0542874 0.441457
0 0.397829 0.303228 0.0564789 0.496594
0 0.394911 0.775394 0.0584061 0.449213
0 0.086595 0.695597 0.0423264 0.578756
0 0.246542 0.290735 0.0570006 0.506372
0 0.729686 0.306019 0.0430405 0.483456
0 0.0505994 0.680026 0.0435826 0.610351
0 0.685601 0.304169 0.0498287 0.484793
0 0.0156642 0.627553 0.0313284 0.722887
0 0.237406 0.759644 0.0557725 0.480712
0 0.992851 0.754311 0.0137621 0.448496
0 0.990197 0.762449 0.0194027 0.440239
