0 0.690913 0.613559 0.0823809 0.598687
0 0.534156 0.631631 0.0821436 0.596176
0 0.770016 0.601851 0.0807266 0.604971
0 0.850195 0.598973 0.0839985 0.590617
0 0.369106 0.656625 0.0843351 0.601213
0 0.611832 0.623606 0.0813 0.598031
0 0.454921 0.643467 0.0825867 0.598084
0 0.93209 0.580901 0.0849175 0.602642
0 0.284519 0.671768 0.0825122 0.593203
0 0.20639 0.678735 0.0801368 0.595702
0 0.128622 0.690247 0.0812603 0.590687
0 0.0518638 0.699915 0.0807024 0.584643
0 0.98615 0.575099 0.0277002 0.575271
0 0.00719579 0.710467 0.0142797 0.579067
