0 0.497674 0.70333 0.0540883 0.475235
0 0.960754 0.778228 0.0534781 0.426316
0 0.85973 0.768049 0.0543251 0.439876
0 0.0516169 0.604245 0.0640638 0.50531
0 0.910892 0.77443 0.0554315 0.434692
0 0.111799 0.615507 0.0620242 0.496187
0 0.390879 0.654562 0.0605027 0.530054
0 0.493303 0.285324 0.0563705 0.341815
0 0.54954 0.714902 0.0521422 0.454432
0 0.546794 0.302862 0.0539847 0.366529
0 0.445408 0.676882 0.0536112 0.518206
0 0.644881 0.716037 0.0529308 0.429255
0 0.801669 0.743264 0.0716408 0.479203
0 0.336102 0.633713 0.0450024 0.484172
0 0.596815 0.713432 0.0463447 0.425972
0 0.59931 0.315523 0.0528974 0.359501
0 0.650766 0.319557 0.0533952 0.354689
0 0.288951 0.643605 0.0567764 0.483125
0 0.273784 0.645563 0.0296318 0.483747
0 0.908341 0.358444 0.120268 0.345303
0 0.298471 0.643278 0.0375887 0.487591
0 0.991084 0.779529 0.017699 0.423035
0 0.0130303 0.631452 0.0243468 0.474861
