0 0.280328 0.494567 0.0673586 0.837398
0 0.532448 0.521612 0.0656298 0.864184
0 0.652515 0.515912 0.0708132 0.882595
0 0.473362 0.516813 0.0623446 0.860943
0 0.403874 0.515493 0.069766 0.867545
0 0.341556 0.510369 0.0646702 0.857823
0 0.218064 0.460717 0.0674748 0.789582
0 0.0642674 0.525469 0.0711186 0.88888
0 0.963675 0.652791 0.0667162 0.623194
0 0.901726 0.646519 0.0630432 0.632151
0 0.126454 0.517465 0.0753334 0.88929
0 0.83485 0.637664 0.0776997 0.646581
0 0.019554 0.521987 0.039108 0.902942
0 0.993519 0.632151 0.012962 0.680183
0 0.995374 0.644882 0.00925277 0.618443
