0 0.270272 0.443862 0.217394 0.550678
0 0.527455 0.478095 0.312449 0.558714
0 0.0821032 0.800813 0.164206 0.337939
0 0.524027 0.859886 0.3099 0.245329
0 0.827323 0.818101 0.30636 0.356378
0 0.268001 0.844136 0.210831 0.257419
0 0.0119279 0.223528 0.0235824 0.232178
0 0.0430036 0.24442 0.0461238 0.174355
0 0.0833304 0.374461 0.166661 0.564805
0 0.0788242 0.546412 0.157648 0.220584
0 0.0832277 0.221732 0.0483434 0.224028
0 0.0403545 0.215473 0.0460026 0.236878
0 0.0123232 0.26867 0.0241419 0.142236
0 0.136794 0.24248 0.0481815 0.175204
