0 0.464591 0.537131 0.0546854 0.674541
0 0.134028 0.547416 0.0676361 0.895949
0 0.187127 0.531722 0.0638147 0.903512
0 0.244473 0.493102 0.0665573 0.888029
0 0.082747 0.563953 0.0635863 0.872094
0 0.356872 0.570664 0.0626594 0.691451
0 0.413131 0.551047 0.0632152 0.681451
0 0.511369 0.51559 0.0564804 0.66415
0 0.300712 0.584111 0.0629 0.680763
0 0.0329279 0.564741 0.0658558 0.870518
0 0.679203 0.555189 0.0652096 0.465163
0 0.619852 0.57274 0.0550724 0.444091
0 0.563492 0.593678 0.0602149 0.46676
0 0.00682704 0.505868 0.0136094 0.734646
0 0.855558 0.501483 0.0764233 0.478617
0 0.92823 0.449132 0.0800306 0.518077
