0 0.703858 0.634696 0.106423 0.652633
0 0.605567 0.632212 0.0977431 0.628448
0 0.809889 0.636601 0.114999 0.687486
0 0.185968 0.593543 0.0802649 0.560969
0 0.263012 0.600412 0.0820242 0.578941
0 0.111925 0.585231 0.0783451 0.55518
0 0.513156 0.626084 0.0928864 0.611601
0 0.923163 0.637221 0.119893 0.72257
0 0.0430903 0.584038 0.0726164 0.55303
0 0.427909 0.615314 0.0879683 0.595542
0 0.343999 0.607356 0.0789855 0.590387
0 0.989195 0.652315 0.0216103 0.69537
0 0.00770923 0.574655 0.0154185 0.54702
