0 0.711916 0.333165 0.218156 0.658475
0 0.471836 0.825912 0.108806 0.324209
0 0.564301 0.824932 0.10652 0.325987
0 0.751005 0.797813 0.101951 0.310801
0 0.661025 0.801333 0.104206 0.322353
0 0.283773 0.488474 0.138165 0.904874
0 0.172989 0.535266 0.133533 0.821641
0 0.0642194 0.531841 0.127707 0.850771
0 0.37694 0.468622 0.112989 0.87957
0 0.892366 0.29807 0.215269 0.596139
0 0.924385 0.723877 0.0982056 0.29113
0 0.513939 0.348765 0.222222 0.677322
0 0.84348 0.723617 0.0869642 0.291877
0 0.0153881 0.580518 0.0304068 0.761409
0 0.463585 0.491211 0.113587 0.385327
0 0.982679 0.727789 0.034642 0.289606
