0 0.62969 0.354475 0.109851 0.623023
0 0.735698 0.339046 0.112146 0.638396
0 0.526857 0.368218 0.105955 0.600055
0 0.245497 0.466577 0.0831931 0.530235
0 0.332603 0.448724 0.0984085 0.554996
0 0.948684 0.400291 0.087516 0.500058
0 0.846647 0.325332 0.116373 0.643304
0 0.728394 0.815602 0.107253 0.345718
0 0.242847 0.861646 0.0813077 0.26791
0 0.623969 0.823684 0.104039 0.333533
0 0.441881 0.471456 0.0683154 0.432435
0 0.328858 0.855018 0.0926849 0.281345
0 0.422622 0.837716 0.0936352 0.321636
0 0.51693 0.829187 0.095956 0.327171
0 0.838842 0.806204 0.111075 0.338281
0 0.0710112 0.877829 0.0894693 0.235853
0 0.947299 0.803847 0.103528 0.341412
0 0.0632304 0.56461 0.0845594 0.396554
0 0.158093 0.872227 0.0869734 0.23773
0 0.013082 0.877122 0.02615 0.237799
0 0.186045 0.555952 0.0412256 0.386449
0 0.0110434 0.502455 0.0220869 0.524842
0 0.153148 0.604507 0.0341067 0.301265
0 0.120715 0.597423 0.0350711 0.329968
