0 0.381687 0.614149 0.0993726 0.648615
0 0.663757 0.633359 0.0914383 0.670339
0 0.843637 0.642965 0.0965022 0.681626
0 0.284066 0.608409 0.0962427 0.654969
0 0.477344 0.615604 0.0911857 0.663337
0 0.570687 0.616077 0.0979103 0.666745
0 0.753545 0.641932 0.0893081 0.662625
0 0.93663 0.756515 0.0982506 0.469427
0 0.943063 0.281023 0.106046 0.518625
0 0.118285 0.597805 0.0515861 0.584996
0 0.167103 0.594117 0.0525658 0.632001
0 0.215002 0.603687 0.0471629 0.636893
0 0.993883 0.75536 0.0118641 0.454616
0 0.182032 0.59291 0.0828237 0.639615
