0 0.178618 0.630674 0.103794 0.733205
0 0.272756 0.62988 0.105468 0.738866
0 0.0767146 0.755098 0.110552 0.489804
0 0.367355 0.636377 0.106598 0.72102
0 0.0729344 0.287252 0.132989 0.536053
0 0.7424 0.195411 0.146185 0.390821
0 0.548158 0.188641 0.0924019 0.358284
0 0.461889 0.536148 0.103316 0.927705
0 0.0150408 0.753819 0.0299716 0.492361
0 0.944578 0.617211 0.109284 0.714559
0 0.561582 0.649966 0.110102 0.700068
0 0.766604 0.649852 0.158083 0.700297
0 0.00880295 0.296044 0.0175495 0.506312
0 0.766409 0.183842 0.0962901 0.367683
0 0.957415 0.151489 0.0779581 0.300888
0 0.870847 0.506301 0.0701622 0.58928
0 0.634171 0.157182 0.0807899 0.313345
0 0.589441 0.620129 0.168151 0.699144
0 0.639159 0.567409 0.0689348 0.565041
0 0.806375 0.518631 0.20793 0.962739
0 0.924926 0.5 0.150034 1
