0 0.486064 0.617341 0.0549643 0.604232
0 0.539239 0.627852 0.057901 0.603029
0 0.383594 0.601653 0.0544458 0.588957
0 0.435207 0.607854 0.0552612 0.594357
0 0.831321 0.6423 0.0667304 0.651337
0 0.893683 0.643122 0.065674 0.656295
0 0.333008 0.595714 0.0549588 0.574852
0 0.0400527 0.527102 0.0480136 0.532091
0 0.769863 0.642872 0.063549 0.641576
0 0.652366 0.634183 0.0651835 0.63112
0 0.131548 0.547175 0.0505955 0.563424
0 0.282322 0.580839 0.0505328 0.574149
0 0.181741 0.55771 0.0543286 0.564837
0 0.958482 0.64227 0.0695793 0.677919
0 0.594423 0.631601 0.058548 0.610985
0 0.711774 0.637319 0.059968 0.629649
0 0.232188 0.572075 0.0508452 0.570113
0 0.085594 0.54254 0.0486085 0.542605
0 0.00918569 0.460017 0.0183322 0.630521
