0 0.0561929 0.638605 0.112151 0.696943
0 0.351712 0.508396 0.0873209 0.580136
0 0.158681 0.574165 0.111402 0.691387
0 0.498537 0.435445 0.0695543 0.521342
0 0.428903 0.474213 0.0804383 0.557502
0 0.260697 0.53616 0.106279 0.649845
0 0.707406 0.3339 0.0612444 0.439891
0 0.561755 0.399593 0.0638479 0.513257
0 0.616746 0.386691 0.0568069 0.456917
0 0.830878 0.285038 0.0427956 0.356586
0 0.756588 0.31726 0.0452324 0.388199
0 0.794633 0.305727 0.0385694 0.383212
0 0.863204 0.266848 0.0349251 0.349498
0 0.968166 0.211816 0.0550613 0.318412
0 0.784594 0.308096 0.058846 0.386411
0 0.912175 0.242233 0.0618351 0.342429
0 0.989797 0.185776 0.0199631 0.351843
