0 0.555094 0.257064 0.123643 0.489427
0 0.312031 0.249553 0.117908 0.45408
0 0.195179 0.258692 0.118632 0.482251
0 0.202868 0.703646 0.114451 0.464493
0 0.677974 0.731599 0.126288 0.49892
0 0.556058 0.728963 0.119619 0.488455
0 0.314985 0.717538 0.116338 0.509029
0 0.803367 0.256201 0.126801 0.499577
0 0.801996 0.742709 0.124514 0.507899
0 0.435345 0.764357 0.126143 0.467758
0 0.678765 0.258531 0.125598 0.488192
0 0.0729479 0.290463 0.12395 0.474964
0 0.430433 0.286044 0.124592 0.518259
0 0.0749246 0.746453 0.136688 0.472634
0 0.927733 0.68078 0.131852 0.62036
0 0.00742206 0.304553 0.0147897 0.484505
0 0.00908512 0.768923 0.0181082 0.462154
0 0.00783928 0.415199 0.0156786 0.440403
