0 0.616084 0.635971 0.125343 0.708878
0 0.944471 0.755216 0.111059 0.484308
0 0.728076 0.637231 0.127192 0.688465
0 0.840793 0.636666 0.12823 0.705541
0 0.0502696 0.658038 0.100194 0.641868
0 0.497266 0.642943 0.107022 0.692967
0 0.444088 0.499593 0.259358 0.994721
0 0.237723 0.616674 0.193487 0.72886
0 0.123679 0.618734 0.072544 0.704417
0 0.939224 0.267918 0.121553 0.531483
0 0.398752 0.497343 0.163128 0.989527
0 0.398384 0.630172 0.132536 0.717564
0 0.0609562 0.510719 0.121254 0.921274
0 0.199956 0.634311 0.111227 0.694734
