0 0.27895 0.63173 0.10685 0.662618
0 0.37574 0.602607 0.102415 0.643304
0 0.154304 0.709405 0.155677 0.577439
0 0.469605 0.567813 0.0993378 0.646431
0 0.656027 0.527024 0.103132 0.644723
0 0.0410456 0.725374 0.0820674 0.549253
0 0.56445 0.554549 0.100753 0.645498
0 0.824977 0.515875 0.0534496 0.536231
0 0.864927 0.510828 0.0530811 0.537647
0 0.90743 0.494706 0.0554313 0.537749
0 0.951454 0.365383 0.0612663 0.716095
0 0.98398 0.357901 0.0320402 0.709001
0 0.730699 0.518499 0.0627937 0.581248
0 0.779204 0.525099 0.0579166 0.540562
0 0.790131 0.520878 0.0371436 0.528297
