0 0.375164 0.553795 0.0576417 0.847729
0 0.536209 0.557232 0.0579761 0.852027
0 0.321979 0.572791 0.0571951 0.820054
0 0.753452 0.554068 0.0574936 0.860414
0 0.428595 0.552016 0.0575282 0.847805
0 0.588731 0.548389 0.0556505 0.842541
0 0.212579 0.569319 0.0580969 0.811291
0 0.699008 0.549203 0.0604091 0.852653
0 0.808345 0.554615 0.0593084 0.864576
0 0.915098 0.550075 0.0593678 0.872902
0 0.482604 0.549921 0.0584869 0.847085
0 0.641562 0.546219 0.0577877 0.853217
0 0.862145 0.551921 0.0579569 0.868997
0 0.268283 0.571883 0.0591532 0.806674
0 0.157969 0.570821 0.0592296 0.805036
0 0.101791 0.566012 0.0600985 0.802801
0 0.0459663 0.568795 0.0618882 0.80835
0 0.968393 0.555614 0.0616624 0.863997
0 0.00950037 0.563611 0.0189608 0.811277
0 0.99433 0.507715 0.0113401 0.953422
