0 0.927088 0.419824 0.140633 0.430694
0 0.925238 0.741481 0.136131 0.238007
0 0.783394 0.459 0.161489 0.394143
0 0.0592316 0.683159 0.0614581 0.567895
0 0.117794 0.685572 0.0574764 0.577281
0 0.169465 0.690043 0.0578077 0.550069
0 0.22161 0.736395 0.0485632 0.46999
0 0.268733 0.728851 0.0478483 0.483067
0 0.315044 0.713665 0.0521375 0.527468
0 0.556 0.276318 0.0936406 0.456143
0 0.452563 0.665955 0.137315 0.49457
0 0.560053 0.698361 0.0801479 0.39968
0 0.0166095 0.681929 0.033219 0.600905
0 0.661123 0.521714 0.0942142 0.238975
0 0.361902 0.641479 0.0522708 0.625165
0 0.647337 0.304676 0.0874826 0.19973
0 0.451708 0.534228 0.137403 0.739033
0 0.793996 0.706358 0.124105 0.128124
0 0.646572 0.231621 0.0859335 0.350575
0 0.0151549 0.578438 0.030149 0.797375
0 0.363124 0.521719 0.0525676 0.79206
