0 0.0940784 0.594163 0.0742358 0.760067
0 0.336091 0.569561 0.0735346 0.82767
0 0.273822 0.596905 0.0695844 0.769275
0 0.397078 0.558465 0.0721282 0.822621
0 0.153347 0.550022 0.0691436 0.855117
0 0.589062 0.618485 0.068989 0.696672
0 0.458306 0.555937 0.074032 0.849555
0 0.214004 0.562655 0.070506 0.838439
0 0.525814 0.586203 0.0719862 0.781022
0 0.0356969 0.538972 0.0708852 0.874294
0 0.640728 0.624591 0.0600168 0.667933
0 0.832395 0.500535 0.333631 0.998929
0 0.982879 0.5 0.0342424 1
0 0.786259 0.477982 0.177306 0.556349
