0 0.348961 0.655201 0.0587675 0.606843
0 0.295072 0.655973 0.0561304 0.600073
0 0.241717 0.641692 0.0588069 0.602155
0 0.0866362 0.62188 0.0610996 0.596562
0 0.543701 0.449467 0.142351 0.327609
0 0.0324987 0.618721 0.0621909 0.615585
0 0.852919 0.738949 0.167269 0.476869
0 0.189065 0.636953 0.0557898 0.599214
0 0.138927 0.62973 0.0591282 0.593951
0 0.400756 0.653203 0.0515049 0.606132
0 0.545309 0.789027 0.146466 0.385125
0 0.691608 0.635027 0.153864 0.702493
0 0.452359 0.655623 0.0501529 0.650685
0 0.962774 0.755731 0.0726337 0.479686
0 0.00967763 0.607512 0.0193553 0.661013
0 0.00645608 0.621656 0.0129122 0.64695
0 0.541982 0.155074 0.125292 0.270395
