0 0.101913 0.3553 0.198866 0.483179
0 0.688503 0.309511 0.19723 0.518125
0 0.299422 0.300214 0.198925 0.544514
0 0.493932 0.303175 0.19238 0.552324
0 0.879572 0.557795 0.204009 0.811499
0 0.454165 0.748936 0.0906103 0.364882
0 0.0243668 0.741105 0.0487335 0.39506
0 0.545033 0.751151 0.0906156 0.366443
0 0.089406 0.757836 0.0906989 0.331616
0 0.730663 0.743864 0.0951867 0.357557
0 0.135477 0.754528 0.181102 0.341062
0 0.985133 0.564334 0.0297157 0.819694
0 0.180747 0.755041 0.0924853 0.339393
0 0.362379 0.747155 0.0975577 0.359668
0 0.974487 0.553534 0.0510252 0.8105
0 0.318083 0.746705 0.185547 0.370015
0 0.273345 0.747198 0.0939335 0.365876
0 0.989123 0.594541 0.0217545 0.798277
0 0.638049 0.729187 0.0921168 0.330956
0 0.0088961 0.367777 0.0177922 0.384625
