0 0.0873529 0.654878 0.0836638 0.690245
0 0.168262 0.638872 0.0879987 0.722257
0 0.250113 0.624909 0.0838933 0.744889
0 0.43093 0.581018 0.0771565 0.837964
0 0.500706 0.603739 0.076342 0.787868
0 0.714819 0.501093 0.0691247 0.842358
0 0.657826 0.532118 0.0658001 0.862342
0 0.897395 0.455251 0.0773597 0.780772
0 0.838806 0.509484 0.0639004 0.865445
0 0.590292 0.553643 0.0750166 0.883183
0 0.0258881 0.662687 0.0517761 0.673779
0 0.780157 0.526506 0.0763407 0.906754
0 0.962676 0.444907 0.0746475 0.889815
0 0.0131695 0.662175 0.026339 0.674014
0 0.0341655 0.424969 0.0470228 0.325881
