0 0.30643 0.598967 0.0576663 0.676129
0 0.199398 0.569086 0.0586028 0.713111
0 0.253517 0.58486 0.0590249 0.699073
0 0.411263 0.613533 0.0556288 0.688927
0 0.359815 0.604367 0.0592479 0.693239
0 0.570973 0.627703 0.0575905 0.710509
0 0.0909027 0.531156 0.0612546 0.759936
0 0.51822 0.618197 0.0588415 0.687107
0 0.8495 0.658676 0.0608828 0.682648
0 0.0354498 0.523801 0.0627783 0.762388
0 0.145791 0.559396 0.0620069 0.723912
0 0.464222 0.618403 0.059041 0.697181
0 0.794804 0.658815 0.0601129 0.682369
0 0.906041 0.660027 0.0611545 0.679946
0 0.624961 0.630692 0.0598952 0.708028
0 0.741261 0.658568 0.0576647 0.678386
0 0.959665 0.660284 0.0542061 0.679433
0 0.684939 0.654064 0.0662377 0.687191
0 0.989721 0.672574 0.0205571 0.654853
0 0.00640497 0.53101 0.0126796 0.744285
