0 0.815696 0.559852 0.072393 0.873799
0 0.273764 0.591957 0.0740914 0.816087
0 0.203522 0.594624 0.073248 0.810751
0 0.7484 0.563421 0.0719011 0.864246
0 0.341938 0.575908 0.0731517 0.848185
0 0.544181 0.57396 0.0735391 0.852079
0 0.475942 0.602146 0.0708094 0.795708
0 0.95354 0.551796 0.0728706 0.888116
0 0.88435 0.560725 0.0747465 0.87855
0 0.612822 0.572573 0.0723662 0.854854
0 0.680521 0.603247 0.0716787 0.793506
0 0.0666022 0.58741 0.0728043 0.82518
0 0.135257 0.595435 0.073518 0.80913
0 0.409582 0.601623 0.070629 0.796755
0 0.0166496 0.535119 0.0332991 0.817545
0 0.992269 0.530597 0.0152748 0.877155
