0 0.775198 0.550292 0.0488941 0.860834
0 0.636835 0.536874 0.0502093 0.775846
0 0.542485 0.497799 0.0482216 0.792544
0 0.588368 0.507576 0.0485821 0.800442
0 0.13638 0.401105 0.050689 0.732654
0 0.090333 0.388069 0.0477998 0.724361
0 0.820123 0.554735 0.0489121 0.838882
0 0.684151 0.53775 0.049976 0.835798
0 0.228739 0.437584 0.0482866 0.761998
0 0.729909 0.540776 0.0480936 0.83394
0 0.453655 0.515839 0.0459591 0.686019
0 0.27573 0.443772 0.0488728 0.751859
0 0.0459758 0.374581 0.0455153 0.716301
0 0.498073 0.486183 0.0464573 0.77041
0 0.184174 0.443018 0.0478517 0.704198
0 0.410108 0.513467 0.0455279 0.672844
0 0.321692 0.478489 0.0464112 0.712889
0 0.365468 0.493379 0.0449968 0.70634
0 0.938498 0.549498 0.0418911 0.883888
0 0.974871 0.553799 0.0403847 0.892402
0 0.861697 0.542571 0.0426086 0.860486
0 0.900297 0.503271 0.0421759 0.915683
0 0.0136316 0.368403 0.026769 0.705993
