0 0.456264 0.762454 0.116765 0.44389
0 0.684708 0.747533 0.12784 0.456145
0 0.567364 0.754324 0.122209 0.454867
0 0.683153 0.29899 0.131073 0.4854
0 0.81088 0.279089 0.138192 0.495316
0 0.563533 0.306294 0.128931 0.490214
0 0.811728 0.734259 0.129376 0.461052
0 0.111752 0.341547 0.122243 0.479676
0 0.222598 0.329494 0.125249 0.482928
0 0.446742 0.31732 0.123987 0.488003
0 0.236752 0.758838 0.11843 0.422201
0 0.126906 0.773953 0.110663 0.430559
0 0.334241 0.314047 0.11918 0.465425
0 0.936588 0.258878 0.126065 0.501193
0 0.346093 0.75247 0.118318 0.464984
0 0.931041 0.718125 0.122516 0.473223
0 0.0412727 0.846225 0.0824309 0.30755
0 0.0268065 0.236991 0.053613 0.351196
0 0.0341104 0.554969 0.0682207 0.322964
0 0.990528 0.725673 0.018495 0.441622
