0 0.527252 0.608923 0.0569879 0.732392
0 0.476055 0.600742 0.0581774 0.729913
0 0.637294 0.602114 0.0615984 0.754739
0 0.423917 0.598964 0.0594812 0.731232
0 0.581184 0.604726 0.0625459 0.744439
0 0.853764 0.525195 0.0667836 0.945815
0 0.37257 0.598214 0.058914 0.732699
0 0.321564 0.598684 0.0614307 0.723254
0 0.689692 0.606867 0.0593141 0.763207
0 0.908101 0.526729 0.064395 0.946543
0 0.216411 0.588863 0.0624693 0.730981
0 0.107767 0.579155 0.0638542 0.736853
0 0.795867 0.522752 0.0658722 0.954496
0 0.268993 0.591321 0.0594631 0.715837
0 0.161332 0.58298 0.0630868 0.716271
0 0.741831 0.617886 0.0591799 0.761054
0 0.963462 0.520734 0.0671448 0.958531
0 0.056178 0.583554 0.0629562 0.738983
0 0.0211326 0.665373 0.0422653 0.626356
0 0.0120128 0.66424 0.0238964 0.605963
0 0.00743158 0.674183 0.0147908 0.624908
0 0.992651 0.537846 0.0144794 0.924308
