0 0.845924 0.261108 0.308152 0.522216
0 0.83788 0.744655 0.299191 0.498732
0 0.458836 0.572784 0.0946569 0.779305
0 0.315176 0.56562 0.072571 0.76526
0 0.54873 0.587834 0.0950151 0.766088
0 0.0893646 0.522816 0.177622 0.859527
0 0.383013 0.583312 0.0666372 0.73212
0 0.639521 0.591792 0.0981931 0.765131
0 0.240403 0.533834 0.0945903 0.823974
0 0.56017 0.505193 0.269566 0.944351
0 0.0538367 0.517018 0.101647 0.828815
0 0.379576 0.483932 0.0747065 0.935525
0 0.986079 0.786575 0.0278422 0.426849
0 0.011506 0.507921 0.0229347 0.802668
