0 0.19922 0.564849 0.0652451 0.848379
0 0.309865 0.577727 0.0634997 0.824952
0 0.255337 0.576236 0.0627291 0.844356
0 0.140399 0.566823 0.0677109 0.844282
0 0.0841056 0.570843 0.0632405 0.830661
0 0.0310996 0.579887 0.0620949 0.83174
0 0.525147 0.568956 0.0577435 0.777644
0 0.577745 0.563473 0.0585648 0.77266
0 0.471837 0.574491 0.0605907 0.787031
0 0.418306 0.572338 0.0616662 0.806141
0 0.364715 0.572143 0.0626422 0.828687
0 0.630993 0.560355 0.059518 0.770042
0 0.684931 0.556996 0.0583699 0.750709
0 0.905868 0.617879 0.0576526 0.579646
0 0.796106 0.636856 0.0617709 0.572869
0 0.8521 0.637142 0.0577042 0.558289
0 0.740812 0.645321 0.0574091 0.579744
0 0.956816 0.627378 0.0527746 0.546891
0 0.989807 0.635748 0.0199589 0.525302
