0 0.792726 0.464925 0.0634237 0.922258
0 0.57414 0.646017 0.0549282 0.630378
0 0.734392 0.481736 0.0629426 0.90397
0 0.960622 0.594137 0.0607395 0.653976
0 0.202809 0.708903 0.0529703 0.58105
0 0.466759 0.658257 0.056905 0.629672
0 0.413362 0.664419 0.0568899 0.623599
0 0.852999 0.461718 0.0610636 0.923435
0 0.150646 0.708788 0.0593885 0.582425
0 0.254831 0.704176 0.0568824 0.585626
0 0.0937402 0.710717 0.0593333 0.578566
0 0.360005 0.66928 0.0547794 0.619586
0 0.0386627 0.716415 0.0587602 0.567171
0 0.52077 0.653092 0.0570711 0.632732
0 0.905758 0.603302 0.0560772 0.641118
0 0.675104 0.519651 0.0554102 0.820894
0 0.30804 0.673837 0.053657 0.625337
0 0.00662794 0.713746 0.013238 0.572509
