0 0.372311 0.454382 0.0575487 0.661519
0 0.0971119 0.390994 0.0563038 0.618844
0 0.0390769 0.369317 0.0617832 0.632501
0 0.652972 0.548476 0.0541647 0.665476
0 0.599424 0.529692 0.0569505 0.664908
0 0.42682 0.472438 0.0571892 0.65749
0 0.209132 0.417984 0.0581316 0.623501
0 0.151626 0.411245 0.0582587 0.621957
0 0.539605 0.504772 0.0562054 0.662471
0 0.485233 0.495795 0.0594004 0.666029
0 0.755574 0.585444 0.0543207 0.642018
0 0.857713 0.625688 0.053825 0.646083
0 0.80698 0.598821 0.0547971 0.64147
0 0.264591 0.442856 0.0555335 0.627714
0 0.703977 0.566598 0.0553814 0.648807
0 0.318344 0.455148 0.0553997 0.628271
0 0.913054 0.647619 0.0618961 0.647356
0 0.968117 0.658887 0.0577515 0.631685
