0 0.195556 0.65517 0.0468641 0.625425
0 0.230784 0.655944 0.0451488 0.637641
0 0.531258 0.669549 0.0453994 0.648779
0 0.26569 0.644906 0.0484811 0.654904
0 0.0629604 0.626887 0.0468333 0.617439
0 0.136074 0.640608 0.0433669 0.613151
0 0.567871 0.68195 0.0475008 0.626387
0 0.16519 0.63516 0.0351372 0.623512
0 0.303703 0.767561 0.0405916 0.426386
0 0.491569 0.628192 0.0542312 0.733316
0 0.0293219 0.623706 0.041831 0.588174
0 0.602506 0.660253 0.0413413 0.61614
0 0.450884 0.598311 0.0507103 0.787153
0 0.792643 0.500605 0.414713 0.998789
0 0.101666 0.602586 0.0431408 0.700442
0 0.935827 0.624521 0.0502647 0.657956
0 0.338258 0.688898 0.0435573 0.591747
0 0.389787 0.661643 0.0429066 0.564822
0 0.827202 0.624844 0.0597311 0.667797
0 0.365822 0.67903 0.0294589 0.588186
0 0.307018 0.304621 0.0426227 0.510257
0 0.748116 0.417087 0.0479541 0.459631
0 0.885046 0.646681 0.073943 0.702901
0 0.306525 0.395698 0.0399963 0.328169
0 0.00916334 0.608005 0.0183196 0.60382
0 0.785608 0.523642 0.050856 0.571304
0 0.602563 0.586962 0.0444523 0.820618
0 0.972294 0.629992 0.0549339 0.717867
0 0.712863 0.378839 0.0391707 0.394019
0 0.401862 0.652757 0.0655674 0.586684
0 0.125017 0.104017 0.0347591 0.208034
0 0.418094 0.631188 0.0348579 0.615084
0 0.0977906 0.0871631 0.0405833 0.174326
0 0.344102 0.138894 0.0358268 0.275786
0 0.303273 0.327087 0.0569703 0.454917
