0 0.0799349 0.479969 0.104009 0.412923
0 0.0794916 0.830774 0.103661 0.338453
0 0.389261 0.307406 0.106271 0.43349
0 0.589941 0.753921 0.106631 0.492159
0 0.809363 0.714449 0.129612 0.571103
0 0.487877 0.73547 0.11187 0.528456
0 0.927488 0.238607 0.133087 0.477214
0 0.693239 0.638614 0.116378 0.722773
0 0.384024 0.744246 0.107463 0.501301
0 0.925864 0.72362 0.120859 0.552759
0 0.282038 0.758364 0.104197 0.482053
0 0.183267 0.567015 0.111487 0.858737
0 0.285366 0.329413 0.10221 0.462016
0 0.282548 0.686913 0.10193 0.356861
0 0.182645 0.744663 0.109693 0.510673
