0 0.120268 0.461198 0.0726401 0.673372
0 0.187515 0.477149 0.0739542 0.669364
0 0.40525 0.539382 0.0779765 0.616587
0 0.47022 0.558414 0.0638346 0.608112
0 0.309541 0.558437 0.0641997 0.577106
0 0.250304 0.543031 0.0624758 0.573463
0 0.52739 0.577428 0.0615828 0.593316
0 0.745221 0.656406 0.0633861 0.54879
0 0.690434 0.63672 0.0629765 0.557002
0 0.0534234 0.439303 0.0738552 0.683798
0 0.636803 0.615299 0.0615505 0.559802
0 0.583077 0.593829 0.0609649 0.579527
0 0.796234 0.675865 0.0594063 0.529037
0 0.889372 0.709011 0.0571947 0.509387
0 0.939495 0.724661 0.0611973 0.508998
0 0.84288 0.693688 0.0553254 0.508202
0 0.0128124 0.416693 0.0256249 0.67299
0 0.979866 0.743312 0.0398624 0.497493
0 0.994499 0.746395 0.0109488 0.50721
