0 0.903255 0.58056 0.176004 0.218968
0 0.731062 0.535162 0.157667 0.217591
0 0.393651 0.571726 0.163349 0.210594
0 0.732106 0.25949 0.165991 0.342681
0 0.566613 0.562638 0.166528 0.216152
0 0.0912402 0.747921 0.147524 0.209055
0 0.233264 0.562241 0.157004 0.198871
0 0.241035 0.758153 0.156265 0.206283
0 0.72473 0.740495 0.15459 0.207594
0 0.0787605 0.496465 0.151707 0.32121
0 0.389942 0.319052 0.171346 0.31931
0 0.565734 0.762735 0.162832 0.203722
0 0.397824 0.763314 0.159251 0.201167
0 0.887287 0.776803 0.172894 0.20128
0 0.225072 0.311298 0.163233 0.334423
0 0.903596 0.30974 0.178547 0.340316
0 0.719167 0.91456 0.152362 0.163228
0 0.56513 0.298917 0.171877 0.333332
0 0.876672 0.92537 0.163682 0.149259
0 0.560958 0.924944 0.156485 0.139311
0 0.403133 0.919972 0.151605 0.141368
0 0.101459 0.91242 0.144149 0.140144
0 0.250481 0.918419 0.152617 0.140674
0 0.0123527 0.908683 0.024532 0.140037
0 0.00776018 0.752228 0.0153928 0.223561
