0 0.635785 0.769463 0.14226 0.411377
0 0.363013 0.78837 0.14333 0.395621
0 0.498896 0.77647 0.142988 0.403341
0 0.228089 0.795283 0.142138 0.396605
0 0.633741 0.288402 0.144283 0.572302
0 0.770091 0.758389 0.139888 0.416411
0 0.497767 0.299855 0.146568 0.57811
0 0.770069 0.297386 0.142982 0.522493
0 0.908566 0.753644 0.147751 0.408387
0 0.360507 0.353138 0.145718 0.486529
0 0.0923416 0.806336 0.145058 0.387327
0 0.22102 0.326221 0.149686 0.565553
0 0.0794787 0.331483 0.154846 0.580814
0 0.913343 0.302569 0.153267 0.508088
