0 0.417105 0.613123 0.0836472 0.685974
0 0.135522 0.502671 0.120983 0.861046
0 0.492417 0.622131 0.0729851 0.682835
0 0.244284 0.547201 0.101335 0.792802
0 0.043305 0.47414 0.086472 0.900499
0 0.556947 0.664389 0.0610829 0.589747
0 0.612917 0.682833 0.0575064 0.558498
0 0.711458 0.718259 0.0456843 0.492539
0 0.665408 0.704742 0.0519956 0.520545
0 0.797031 0.737767 0.0419487 0.479361
0 0.833297 0.752591 0.0380035 0.47116
0 0.756066 0.727259 0.046436 0.504324
0 0.882971 0.762544 0.0656129 0.452365
0 0.92561 0.785151 0.0280842 0.414413
0 0.963186 0.789402 0.0561687 0.397938
