0 0.780884 0.554496 0.0655317 0.748406
0 0.255137 0.561824 0.0706895 0.825426
0 0.611966 0.55395 0.0635737 0.767252
0 0.189861 0.553915 0.0728159 0.844996
0 0.124012 0.565108 0.0726779 0.833059
0 0.318335 0.558577 0.0680349 0.810183
0 0.554115 0.554848 0.065168 0.771038
0 0.496301 0.563545 0.0642969 0.766168
0 0.66809 0.554568 0.0612719 0.759077
0 0.436075 0.565261 0.0682276 0.788525
0 0.723564 0.548043 0.0626173 0.755691
0 0.376929 0.565163 0.0633843 0.796193
0 0.0592233 0.571546 0.0717556 0.827792
0 0.837995 0.558534 0.0607338 0.733133
0 0.889701 0.561739 0.0589405 0.699881
0 0.941892 0.563205 0.0595646 0.682995
0 0.0150343 0.572908 0.0300686 0.812218
0 0.982097 0.571581 0.0358063 0.651223
