0 0.123032 0.246003 0.218392 0.38353
0 0.301698 0.785924 0.206488 0.419928
0 0.499942 0.243247 0.203205 0.460403
0 0.103394 0.842722 0.201353 0.298299
0 0.499994 0.59438 0.204858 0.28249
0 0.907571 0.863073 0.184858 0.273853
0 0.707321 0.547071 0.212859 0.408155
0 0.105396 0.567303 0.209516 0.301654
0 0.716761 0.862633 0.205824 0.274734
0 0.316579 0.19782 0.180923 0.339902
0 0.502231 0.852982 0.20543 0.286206
0 0.313046 0.466841 0.178929 0.248576
0 0.903631 0.550161 0.192738 0.403815
0 0.877891 0.208491 0.244217 0.409235
