0 0.300543 0.574334 0.0772556 0.763081
0 0.231731 0.601482 0.077941 0.778491
0 0.852734 0.4533 0.0821582 0.817968
0 0.374917 0.561184 0.0743918 0.789199
0 0.159087 0.639288 0.0782828 0.70726
0 0.926617 0.433105 0.0804968 0.827683
0 0.443074 0.575186 0.0738169 0.73947
0 0.576439 0.540877 0.0749352 0.747595
0 0.643841 0.52971 0.0713906 0.744483
0 0.77901 0.503228 0.0760519 0.741778
0 0.71168 0.519393 0.073797 0.752902
0 0.0914912 0.649373 0.0736838 0.701254
0 0.50926 0.558378 0.0692995 0.737952
0 0.0316358 0.654628 0.0632717 0.690743
0 0.979274 0.415087 0.0413124 0.823432
