0 0.378738 0.643131 0.0718741 0.582513
0 0.0761334 0.638528 0.0884914 0.668103
0 0.15848 0.633567 0.0835049 0.642896
0 0.496859 0.631954 0.0684349 0.570643
0 0.235585 0.63544 0.0788323 0.624984
0 0.308259 0.649907 0.0754346 0.58105
0 0.61318 0.628626 0.0658625 0.537704
0 0.670463 0.634024 0.0581764 0.515819
0 0.0191076 0.644013 0.0382153 0.680833
0 0.816259 0.614255 0.0531622 0.484329
0 0.722845 0.630048 0.0542875 0.50471
0 0.862047 0.613032 0.0507576 0.463155
0 0.769809 0.62301 0.0501577 0.494235
0 0.557763 0.601773 0.0599522 0.560622
0 0.905237 0.611064 0.0499062 0.454344
0 0.946822 0.605528 0.0459102 0.442558
0 0.982843 0.525579 0.0336109 0.580163
