0 0.902778 0.670498 0.194444 0.608124
0 0.745884 0.751617 0.114705 0.490707
0 0.447627 0.499562 0.099872 0.532323
0 0.195241 0.650294 0.122081 0.580351
0 0.510641 0.197004 0.0917843 0.384737
0 0.307816 0.492263 0.119669 0.932454
0 0.084168 0.612633 0.140553 0.686024
0 0.888661 0.247282 0.222102 0.267474
0 0.0793942 0.485812 0.13442 0.933683
0 0.192723 0.492573 0.12464 0.933636
0 0.637793 0.623382 0.11693 0.660509
0 0.638435 0.499872 0.119798 0.977263
0 0.602529 0.206831 0.0945499 0.405935
0 0.455249 0.554617 0.126528 0.857447
0 0.476432 0.525533 0.166896 0.920541
0 0.747167 0.631207 0.118922 0.718016
0 0.305917 0.685634 0.120643 0.54792
0 0.0145482 0.620052 0.0288046 0.70051
