0 0.184908 0.461309 0.0957222 0.742127
0 0.0305265 0.419313 0.061053 0.838625
0 0.0971676 0.448183 0.0908245 0.793354
0 0.275047 0.194027 0.0932359 0.388053
0 0.486655 0.206191 0.0989426 0.412381
0 0.586627 0.592036 0.101344 0.465319
0 0.58572 0.19435 0.0957768 0.3887
0 0.281001 0.599866 0.0984332 0.46775
0 0.48581 0.606235 0.0948408 0.42485
0 0.381826 0.451835 0.10214 0.455276
0 0.378695 0.112811 0.104213 0.225622
0 0.805566 0.377936 0.155275 0.755872
0 0.927481 0.396186 0.143398 0.792373
0 0.688795 0.212662 0.0928802 0.425324
0 0.683414 0.603628 0.0882522 0.407817
