0 0.315305 0.574926 0.068459 0.795698
0 0.0847408 0.570918 0.066811 0.7902
0 0.141653 0.569052 0.0685264 0.79538
0 0.257333 0.568952 0.0667154 0.793324
0 0.810361 0.565001 0.0643013 0.768312
0 0.199855 0.565407 0.0674707 0.795775
0 0.372533 0.602978 0.0597105 0.730851
0 0.699211 0.546042 0.0704445 0.807526
0 0.484988 0.582376 0.0670662 0.773138
0 0.425574 0.604179 0.0626047 0.735112
0 0.542852 0.567288 0.064792 0.785926
0 0.755706 0.559197 0.062866 0.788758
0 0.863566 0.569163 0.0623571 0.749906
0 0.0308962 0.577387 0.0616334 0.792823
0 0.59663 0.564669 0.0614591 0.778164
0 0.916733 0.578895 0.0606566 0.729329
0 0.643278 0.508635 0.0548658 0.780201
0 0.968694 0.63597 0.0593433 0.623305
0 0.99494 0.647839 0.01012 0.619571
0 0.00394737 0.580849 0.00789475 0.792547
