0 0.247136 0.524547 0.0716938 0.858469
0 0.311944 0.532341 0.0725829 0.868631
0 0.964717 0.689054 0.0688984 0.616803
0 0.378346 0.541107 0.0786758 0.861209
0 0.11895 0.52749 0.0755602 0.831548
0 0.65138 0.67897 0.06789 0.624268
0 0.184059 0.52957 0.0729545 0.856989
0 0.589354 0.677103 0.0653799 0.62896
0 0.714777 0.682074 0.067672 0.621212
0 0.46443 0.661196 0.0709366 0.633183
0 0.902189 0.688745 0.0670464 0.613005
0 0.776968 0.683972 0.0680886 0.614529
0 0.52785 0.664084 0.0660807 0.615891
0 0.840499 0.689437 0.0679596 0.621126
0 0.0555969 0.531368 0.067029 0.821473
0 0.0159406 0.528764 0.0318812 0.799917
