0 0.37102 0.660854 0.0569482 0.484304
0 0.423073 0.662961 0.0564113 0.496305
0 0.475556 0.674113 0.0571722 0.496383
0 0.259136 0.650191 0.0594293 0.468179
0 0.527373 0.684359 0.0589065 0.492705
0 0.315427 0.654423 0.063575 0.487973
0 0.910991 0.767035 0.0580706 0.447284
0 0.149046 0.617277 0.0577471 0.48232
0 0.806017 0.753016 0.0553152 0.469955
0 0.963458 0.77573 0.0588173 0.444837
0 0.095271 0.616567 0.0577865 0.482181
0 0.203977 0.639139 0.0602859 0.47181
0 0.7535 0.737802 0.0579855 0.48197
0 0.698425 0.716951 0.0626033 0.463914
0 0.857492 0.758614 0.0552933 0.443765
0 0.645606 0.708664 0.0503883 0.464626
0 0.0410369 0.602364 0.0605555 0.500831
0 0.599272 0.682646 0.0540344 0.492917
0 0.991951 0.786797 0.0153673 0.418948
0 0.00714411 0.545026 0.0142882 0.579835
