0 0.469471 0.569567 0.0810344 0.78761
0 0.548073 0.57219 0.0798799 0.788974
0 0.149974 0.53694 0.081055 0.808416
0 0.390802 0.566074 0.0797664 0.788912
0 0.312899 0.557548 0.0810219 0.792323
0 0.0704057 0.554351 0.0837379 0.755313
0 0.231681 0.548024 0.0830171 0.810251
0 0.628235 0.484073 0.0783681 0.968146
0 0.867509 0.489399 0.0868644 0.972512
0 0.710505 0.487971 0.0835775 0.975942
0 0.788367 0.486454 0.0805502 0.971631
0 0.953067 0.498422 0.0917348 0.996844
0 0.015452 0.54885 0.0308619 0.755076
0 0.987773 0.503048 0.0244534 0.987297
