0 0.413859 0.593698 0.0512658 0.771438
0 0.652152 0.600597 0.0510012 0.761837
0 0.164433 0.558627 0.052642 0.760343
0 0.462112 0.598614 0.0525234 0.77288
0 0.115608 0.553883 0.0517899 0.764044
0 0.266383 0.564203 0.0547633 0.767716
0 0.317932 0.584912 0.0555652 0.774691
0 0.214837 0.563236 0.0554682 0.748004
0 0.604291 0.608514 0.052174 0.76847
0 0.747671 0.714361 0.0486718 0.52875
0 0.366764 0.602178 0.0509081 0.77544
0 0.838176 0.705985 0.0473614 0.508881
0 0.883614 0.707126 0.0484245 0.520157
0 0.557384 0.605505 0.0523567 0.77422
0 0.698559 0.601846 0.0533848 0.753732
0 0.510138 0.596036 0.0505592 0.765508
0 0.793479 0.711409 0.0476152 0.521446
0 0.928695 0.702755 0.0477978 0.497148
0 0.973202 0.708154 0.0469299 0.516268
0 0.0229747 0.558862 0.0459493 0.766768
