0 0.508849 0.749009 0.129616 0.414328
0 0.64824 0.541348 0.139486 0.386602
0 0.260524 0.552379 0.14148 0.387091
0 0.256865 0.842518 0.129021 0.230184
0 0.642913 0.839422 0.132704 0.22422
0 0.0948543 0.550701 0.185294 0.375483
0 0.91585 0.562034 0.161541 0.401176
0 0.908865 0.860206 0.139886 0.234157
0 0.104546 0.835768 0.176331 0.234657
0 0.383579 0.753119 0.126596 0.415553
0 0.77555 0.846738 0.130131 0.239593
0 0.776109 0.757301 0.131072 0.421446
0 0.510697 0.460895 0.114717 0.193121
0 0.777843 0.639117 0.125384 0.191576
0 0.507964 0.240689 0.11845 0.336219
0 0.00776608 0.681391 0.0155093 0.308209
0 0.763836 0.369114 0.110296 0.359886
