0 0.888447 0.611024 0.0539491 0.732509
0 0.736343 0.585525 0.0555701 0.756759
0 0.149631 0.477136 0.0587888 0.772049
0 0.788413 0.595675 0.0575937 0.762653
0 0.937103 0.616901 0.0555516 0.729937
0 0.262982 0.495471 0.0608519 0.781282
0 0.839058 0.602129 0.0548184 0.749665
0 0.206033 0.487672 0.0598592 0.776987
0 0.685264 0.603254 0.0558831 0.706675
0 0.426829 0.527374 0.0568933 0.806965
0 0.0939065 0.446501 0.0605738 0.768235
0 0.531051 0.54105 0.0559229 0.790232
0 0.374465 0.530673 0.0546877 0.754912
0 0.47877 0.536974 0.055501 0.802015
0 0.633822 0.59679 0.0561241 0.704075
0 0.582565 0.548073 0.0551478 0.782229
0 0.0363327 0.445238 0.0643231 0.777741
0 0.320162 0.515874 0.0592146 0.758255
0 0.979851 0.584342 0.0402976 0.785303
0 0.00455422 0.509385 0.00910844 0.792502
