0 0.380898 0.588675 0.0614881 0.733227
0 0.154044 0.539722 0.0658768 0.741419
0 0.325822 0.581084 0.0622408 0.745488
0 0.0950101 0.532454 0.0660764 0.745241
0 0.436303 0.59408 0.0636339 0.733223
0 0.269733 0.553794 0.0640348 0.750914
0 0.0343332 0.525407 0.0682561 0.759624
0 0.647155 0.632916 0.0573099 0.685613
0 0.211828 0.543594 0.0637052 0.740544
0 0.852259 0.663632 0.056017 0.654114
0 0.494828 0.59857 0.0635893 0.731167
0 0.59445 0.628845 0.0597742 0.698306
0 0.90372 0.65511 0.0579197 0.677015
0 0.801404 0.653518 0.0588334 0.692963
0 0.749841 0.64798 0.0570885 0.700498
0 0.699035 0.650318 0.0584456 0.695848
0 0.953175 0.658212 0.0547287 0.667612
0 0.987873 0.727913 0.0240136 0.543819
