0 0.548937 0.54689 0.0605932 0.604944
0 0.272617 0.625256 0.0631577 0.718292
0 0.105394 0.570328 0.0617585 0.560766
0 0.604538 0.540821 0.0569382 0.575992
0 0.492324 0.576559 0.0591562 0.590036
0 0.161259 0.56622 0.0560765 0.564928
0 0.33312 0.608079 0.0653161 0.749127
0 0.38803 0.654084 0.0553143 0.623087
0 0.659486 0.573558 0.0593393 0.653159
0 0.214887 0.626858 0.0600056 0.68272
0 0.826131 0.563124 0.0556953 0.622098
0 0.439367 0.626828 0.0536749 0.612303
0 0.87953 0.547496 0.0569542 0.604454
0 0.0469949 0.58352 0.0628821 0.619009
0 0.715961 0.609173 0.0605768 0.728
0 0.771253 0.565625 0.058292 0.642528
0 0.935402 0.611848 0.0584643 0.447235
0 0.975356 0.285505 0.0492195 0.546308
