0 0.147585 0.572892 0.0686618 0.83391
0 0.261495 0.57548 0.0673179 0.826027
0 0.0893399 0.570989 0.0695757 0.844603
0 0.20476 0.566454 0.0676494 0.841667
0 0.317681 0.577333 0.0669618 0.823574
0 0.373557 0.578931 0.0668519 0.82207
0 0.484732 0.592338 0.0652224 0.787857
0 0.696909 0.576898 0.0594401 0.796463
0 0.0333417 0.56675 0.0666112 0.846115
0 0.429499 0.578112 0.0643243 0.814442
0 0.539372 0.585767 0.0623058 0.802872
0 0.591951 0.575195 0.0623899 0.81421
0 0.748361 0.577628 0.0583605 0.789586
0 0.902096 0.672998 0.0589475 0.585166
0 0.644058 0.580159 0.0616789 0.801812
0 0.799307 0.664277 0.0566702 0.616832
0 0.850187 0.672958 0.0572044 0.588999
0 0.952371 0.659052 0.0543827 0.591209
0 0.987123 0.562791 0.0257532 0.781075
