0 0.471392 0.641026 0.0872424 0.690436
0 0.058423 0.48839 0.0708517 0.599505
0 0.395762 0.642371 0.0789237 0.61455
0 0.632769 0.658791 0.0817136 0.673673
0 0.914903 0.598896 0.166297 0.790084
0 0.263722 0.514407 0.0786889 0.736016
0 0.114565 0.493525 0.0631857 0.645686
0 0.552487 0.630294 0.0846085 0.732458
0 0.328767 0.570096 0.0710378 0.692262
0 0.172798 0.505445 0.0722469 0.683861
0 0.713229 0.661514 0.0811089 0.661177
0 0.014941 0.503177 0.0298076 0.49125
0 0.794768 0.570288 0.0857141 0.852126
