0 0.631655 0.596709 0.0746961 0.709764
0 0.327924 0.546379 0.0751544 0.703883
0 0.210352 0.519231 0.0734426 0.689742
0 0.269116 0.532828 0.0733249 0.693968
0 0.0926989 0.496098 0.0734523 0.690005
0 0.570933 0.589634 0.076475 0.71178
0 0.387475 0.548315 0.073611 0.699045
0 0.150935 0.509793 0.0735605 0.688274
0 0.695355 0.583368 0.077112 0.741344
0 0.0353283 0.497479 0.0706567 0.685121
0 0.509757 0.559154 0.0747799 0.68893
0 0.448546 0.551075 0.0737558 0.655966
0 0.883807 0.568982 0.0789255 0.845278
0 0.821281 0.55063 0.0778954 0.856448
0 0.759027 0.543565 0.0765923 0.84078
0 0.946538 0.563875 0.0793307 0.856803
0 0.985351 0.542156 0.0291576 0.915688
0 0.00539907 0.499028 0.0107981 0.640276
