0 0.880296 0.580425 0.0955385 0.83915
0 0.694876 0.576823 0.0951818 0.846355
0 0.417609 0.616834 0.0934246 0.766332
0 0.507686 0.574097 0.0916363 0.851806
0 0.600224 0.577155 0.0985954 0.845689
0 0.962726 0.575621 0.0745482 0.848758
0 0.0411412 0.588779 0.0822823 0.822441
0 0.124229 0.594033 0.0885552 0.811934
0 0.324507 0.604066 0.094642 0.764085
0 0.787066 0.621161 0.0922512 0.757677
0 0.204124 0.600571 0.0521388 0.740966
0 0.211786 0.60135 0.0358952 0.73805
0 0.18568 0.611455 0.0319457 0.761684
0 0.236248 0.595626 0.048593 0.740565
