0 0.0365066 0.647764 0.0606434 0.688317
0 0.0918302 0.656535 0.0580582 0.676878
0 0.200369 0.658426 0.0574629 0.676172
0 0.253611 0.662553 0.0562521 0.664081
0 0.413591 0.658529 0.0566562 0.682942
0 0.359479 0.660756 0.0574607 0.671877
0 0.676644 0.664023 0.057618 0.661086
0 0.623935 0.66228 0.0551264 0.660428
0 0.306047 0.665382 0.0543834 0.658428
0 0.728883 0.659296 0.0556491 0.653842
0 0.8904 0.6402 0.056147 0.656539
0 0.146369 0.652388 0.0579465 0.675955
0 0.781665 0.657932 0.0558214 0.64592
0 0.835748 0.645992 0.0580734 0.649827
0 0.466541 0.652063 0.0550104 0.675487
0 0.519221 0.654187 0.0551428 0.677067
0 0.939703 0.633403 0.0508022 0.663819
0 0.572434 0.660062 0.0542738 0.658248
0 0.979713 0.635648 0.0405731 0.685949
0 0.00573208 0.652442 0.0113661 0.683479
