0 0.412506 0.316275 0.158656 0.560923
0 0.413158 0.786309 0.153307 0.416732
0 0.897052 0.279173 0.163076 0.555877
0 0.736917 0.337034 0.155855 0.475944
0 0.254848 0.778034 0.160416 0.320391
0 0.906911 0.729085 0.157247 0.393181
0 0.253658 0.357441 0.163805 0.578268
0 0.0931652 0.8062 0.156065 0.38018
0 0.0955391 0.379023 0.154826 0.528669
0 0.737884 0.725655 0.155931 0.358295
0 0.573764 0.492736 0.169494 0.968498
0 0.572881 0.660763 0.16382 0.632311
0 0.991404 0.28208 0.016877 0.56416
0 0.00751995 0.812197 0.0148832 0.375606
