0 0.56182 0.553738 0.0524531 0.737467
0 0.465296 0.561778 0.0529758 0.731808
0 0.513279 0.554997 0.0523188 0.730637
0 0.273387 0.596326 0.0547804 0.714249
0 0.180224 0.607056 0.0493451 0.708336
0 0.132887 0.612928 0.0584756 0.718164
0 0.41697 0.566757 0.0537162 0.729974
0 0.967003 0.521519 0.0629742 0.734282
0 0.321726 0.589239 0.0530464 0.724273
0 0.223826 0.600772 0.0514827 0.706574
0 0.610022 0.549746 0.0519949 0.73433
0 0.656705 0.653747 0.0503316 0.51244
0 0.703862 0.652184 0.0510063 0.51004
0 0.368591 0.574768 0.0544619 0.734976
0 0.0844583 0.61763 0.0554094 0.71956
0 0.752656 0.64128 0.0536541 0.506103
0 0.917609 0.526221 0.0670551 0.751118
0 0.0348732 0.619994 0.0612912 0.716539
0 0.852272 0.627833 0.0580028 0.523356
0 0.802229 0.639657 0.0536095 0.52093
0 0.0108514 0.654348 0.0217028 0.668743
