0 0.727433 0.580137 0.179939 0.815469
0 0.580113 0.803112 0.137017 0.35898
0 0.58065 0.624019 0.143862 0.718339
0 0.890257 0.566485 0.188929 0.829521
0 0.353671 0.460026 0.105303 0.345441
0 0.456288 0.456908 0.115622 0.344724
0 0.0656751 0.803047 0.10714 0.33931
0 0.457981 0.803873 0.122869 0.363105
0 0.575823 0.452399 0.133544 0.361137
0 0.257573 0.632271 0.116675 0.689427
0 0.458115 0.636539 0.127857 0.715503
0 0.353766 0.807087 0.113803 0.366158
0 0.158522 0.623039 0.116495 0.665564
0 0.128633 0.627626 0.177347 0.681016
0 0.0599549 0.470436 0.0969829 0.338461
0 0.253856 0.80514 0.105122 0.351441
0 0.353985 0.636046 0.120242 0.703562
