0 0.527582 0.320201 0.058546 0.640403
0 0.474291 0.34035 0.0554915 0.680699
0 0.421184 0.360824 0.0584141 0.721648
0 0.229841 0.51267 0.0494146 0.672398
0 0.582416 0.308038 0.0565494 0.616075
0 0.275354 0.473925 0.0506736 0.70584
0 0.32055 0.424985 0.0524697 0.71058
0 0.36858 0.406468 0.0499467 0.695129
0 0.186193 0.549876 0.0479965 0.656856
0 0.0300781 0.595829 0.0381283 0.374141
0 0.145376 0.604201 0.0463875 0.593213
0 0.104904 0.63374 0.0430215 0.570069
0 0.64346 0.285949 0.0709934 0.571897
0 0.0654867 0.555906 0.0368867 0.359628
0 0.104445 0.524316 0.0419742 0.365635
0 0.0671619 0.672813 0.0417327 0.579702
0 0.143371 0.484806 0.0413838 0.366224
0 0.711096 0.257957 0.0686026 0.509371
