0 0.921895 0.66986 0.136339 0.461804
0 0.518176 0.656563 0.147932 0.495808
0 0.234096 0.22251 0.154833 0.44502
0 0.724864 0.23576 0.164785 0.471519
0 0.791955 0.674205 0.135295 0.45493
0 0.870725 0.234728 0.169836 0.469457
0 0.659404 0.651714 0.141898 0.424967
0 0.241213 0.654254 0.143744 0.456148
0 0.380608 0.445057 0.159262 0.890114
0 0.380134 0.665186 0.149584 0.456398
0 0.379124 0.219567 0.154478 0.439135
0 0.0199828 0.503521 0.0399656 0.992958
0 0.167719 0.641819 0.289162 0.511342
0 0.552025 0.223479 0.222241 0.446959
