0 0.482252 0.529664 0.0653628 0.691565
0 0.291567 0.460273 0.0692671 0.697153
0 0.777836 0.626951 0.0605248 0.642033
0 0.093675 0.412509 0.0722169 0.672839
0 0.944933 0.676483 0.0595466 0.61171
0 0.720912 0.61183 0.0616284 0.64773
0 0.418643 0.512313 0.0647882 0.690538
0 0.356528 0.487051 0.0667333 0.692512
0 0.834716 0.647134 0.0615387 0.634875
0 0.225737 0.438669 0.0683211 0.699041
0 0.160169 0.439981 0.0701672 0.69018
0 0.890184 0.661864 0.0583672 0.626188
0 0.541758 0.549502 0.0628115 0.685422
0 0.6027 0.566217 0.0645257 0.68885
0 0.662583 0.583276 0.0615748 0.66729
0 0.0306885 0.393048 0.0613771 0.664286
0 0.984741 0.684679 0.0305187 0.60245
