0 0.111374 0.621872 0.0826417 0.743226
0 0.689053 0.608156 0.0825051 0.753799
0 0.544272 0.617215 0.0805922 0.750585
0 0.398321 0.619218 0.0816125 0.737555
0 0.616165 0.613666 0.0806293 0.740223
0 0.253858 0.620417 0.0822771 0.754046
0 0.0401769 0.62278 0.0800444 0.751555
0 0.471295 0.621019 0.0816452 0.751619
0 0.183552 0.620851 0.0813797 0.742592
0 0.325909 0.613273 0.0799143 0.739929
0 0.837091 0.613391 0.0842819 0.760633
0 0.909276 0.604647 0.080938 0.755965
0 0.763365 0.593948 0.0840393 0.779537
0 0.969951 0.603979 0.0600981 0.76326
