0 0.313504 0.50107 0.100745 0.927472
0 0.158122 0.527649 0.101961 0.904743
0 0.391424 0.468837 0.101686 0.860593
0 0.236704 0.518684 0.0992275 0.916925
0 0.86564 0.519489 0.0999729 0.867109
0 0.549821 0.506626 0.102052 0.913598
0 0.784278 0.521076 0.0993161 0.880861
0 0.705385 0.5129 0.102654 0.898999
0 0.625596 0.511931 0.102058 0.900681
0 0.470245 0.472133 0.102476 0.893567
0 0.0755905 0.526039 0.106725 0.906842
0 0.947932 0.520075 0.0953303 0.859176
0 0.021528 0.553956 0.043056 0.877832
0 0.989343 0.51226 0.021314 0.860828
