0 0.141653 0.717116 0.0925604 0.565767
0 0.225897 0.702599 0.0950565 0.56882
0 0.313889 0.702787 0.0885347 0.553364
0 0.395333 0.689234 0.0852997 0.557457
0 0.474853 0.663275 0.0865587 0.597196
0 0.0579535 0.723324 0.0947707 0.553352
0 0.554061 0.652266 0.0869696 0.599147
0 0.711624 0.620889 0.0871347 0.587941
0 0.87417 0.495489 0.0967562 0.77772
0 0.632666 0.637218 0.0863901 0.593535
0 0.953097 0.479318 0.0917748 0.785076
0 0.795034 0.504958 0.095811 0.782441
0 0.993426 0.485982 0.0131486 0.728056
