0 0.0285915 0.686922 0.0569317 0.459557
0 0.247581 0.602329 0.0736032 0.62688
0 0.188344 0.620758 0.0635895 0.608355
0 0.369069 0.559543 0.0666046 0.687346
0 0.313819 0.550002 0.0752135 0.721271
0 0.133753 0.628276 0.0667548 0.604806
0 0.9318 0.592733 0.13264 0.496595
0 0.803589 0.532457 0.154599 0.634772
0 0.0756159 0.678007 0.0669775 0.483469
0 0.423415 0.549814 0.0641304 0.702437
0 0.475293 0.601346 0.0627382 0.596776
0 0.523569 0.690918 0.0561388 0.422716
0 0.636156 0.566854 0.207757 0.672758
0 0.52208 0.616111 0.0609419 0.581167
0 0.616051 0.808817 0.141968 0.195633
0 0.00487086 0.69787 0.00970609 0.433912
