0 0.110694 0.792592 0.189677 0.399141
0 0.674193 0.281553 0.181265 0.534149
0 0.847566 0.730415 0.173722 0.388069
0 0.275909 0.313468 0.129359 0.534412
0 0.966268 0.535293 0.0674644 0.720086
0 0.517152 0.764356 0.124426 0.415176
0 0.11267 0.324817 0.203154 0.563233
0 0.666842 0.759852 0.176565 0.434124
0 0.268468 0.778281 0.124238 0.404582
0 0.494053 0.355353 0.0631307 0.415853
0 0.849145 0.351037 0.169069 0.404112
0 0.370168 0.354542 0.0632835 0.42752
0 0.553685 0.353306 0.0608351 0.398502
0 0.523893 0.281687 0.124719 0.563375
0 0.361903 0.769801 0.0647302 0.404395
0 0.424109 0.767487 0.0626393 0.399393
0 0.401215 0.285359 0.124223 0.562815
0 0.429968 0.35838 0.0629427 0.412323
0 0.391945 0.768629 0.125523 0.401354
0 0.486322 0.767462 0.0649554 0.404998
