0 0.588808 0.602504 0.0973691 0.739462
0 0.414866 0.584769 0.0959746 0.735945
0 0.674344 0.611846 0.0981355 0.742851
0 0.760262 0.617883 0.104419 0.731835
0 0.237266 0.561075 0.102369 0.724323
0 0.327761 0.572507 0.0968654 0.73046
0 0.061115 0.545069 0.101348 0.735443
0 0.14728 0.552671 0.103012 0.731422
0 0.847892 0.629562 0.10679 0.72775
0 0.500858 0.589417 0.094358 0.73264
0 0.936639 0.631594 0.114494 0.718947
0 0.014237 0.547013 0.028474 0.744959
0 0.981844 0.645895 0.0363128 0.704295
0 0.987155 0.638343 0.0256896 0.697226
