0 0.126523 0.711351 0.230493 0.187604
0 0.344706 0.241939 0.268163 0.342454
0 0.593089 0.719952 0.234767 0.207972
0 0.605505 0.242261 0.2601 0.352891
0 0.366246 0.900894 0.226378 0.168176
0 0.595118 0.517399 0.240023 0.217593
0 0.827596 0.736311 0.232913 0.198649
0 0.113988 0.522587 0.227375 0.207339
0 0.835819 0.547662 0.248817 0.205724
0 0.865078 0.291307 0.264845 0.324112
0 0.591187 0.899404 0.22731 0.168856
0 0.361067 0.722649 0.237197 0.208242
0 0.350442 0.515933 0.249535 0.219892
0 0.10811 0.264535 0.215797 0.328749
0 0.139502 0.888838 0.22926 0.189762
0 0.817176 0.904455 0.228282 0.163514
0 0.01433 0.890606 0.02866 0.184255
0 0.967476 0.695157 0.0649964 0.477729
