0 0.0648177 0.723735 0.0883347 0.467187
0 0.286112 0.590472 0.0734877 0.41458
0 0.471997 0.493165 0.0633802 0.401187
0 0.217289 0.62459 0.0779327 0.439904
0 0.413332 0.528663 0.0648811 0.417757
0 0.143714 0.66636 0.0852429 0.467505
0 0.351544 0.567048 0.0704923 0.424905
0 0.582685 0.437123 0.0590625 0.387127
0 0.528184 0.46731 0.0602066 0.389328
0 0.633656 0.409381 0.0567973 0.36965
0 0.730972 0.349156 0.05234 0.347947
0 0.684044 0.375716 0.0560685 0.372762
0 0.860168 0.253362 0.049796 0.391488
0 0.902361 0.24002 0.0487057 0.378201
0 0.775191 0.329331 0.0477332 0.33886
0 0.0151145 0.757502 0.0302291 0.474407
0 0.818024 0.26944 0.0484179 0.393647
0 0.939196 0.224589 0.043578 0.359231
0 0.975998 0.212125 0.0478043 0.3757
