0 0.41863 0.651877 0.0697185 0.592004
0 0.302034 0.634921 0.0697319 0.595885
0 0.2449 0.62637 0.0671813 0.585497
0 0.473209 0.667606 0.0648673 0.564336
0 0.359111 0.645397 0.0716555 0.58953
0 0.52435 0.681137 0.0614468 0.546164
0 0.574028 0.689969 0.0604191 0.541084
0 0.623457 0.701692 0.0598515 0.529611
0 0.129089 0.607479 0.0735776 0.619623
0 0.0685089 0.595011 0.0763717 0.64405
0 0.718355 0.722061 0.0574577 0.526963
0 0.672073 0.713287 0.059223 0.51849
0 0.188468 0.619827 0.0700404 0.595486
0 0.764494 0.721415 0.0564385 0.519836
0 0.810618 0.724501 0.0570612 0.521948
0 0.859234 0.7261 0.0617045 0.520366
0 0.0229909 0.585078 0.0459819 0.642121
0 0.915338 0.727824 0.0667019 0.524371
0 0.964679 0.726462 0.0617691 0.521431
0 0.988394 0.736612 0.0232124 0.517836
