0 0.562671 0.667162 0.0793143 0.622283
0 0.423222 0.678172 0.0775513 0.609795
0 0.353961 0.682514 0.0806067 0.605989
0 0.286349 0.682869 0.0782264 0.601733
0 0.942149 0.649356 0.0874477 0.650564
0 0.492569 0.669699 0.0795374 0.621468
0 0.21956 0.675751 0.0785484 0.611722
0 0.864071 0.648962 0.0904121 0.647964
0 0.785014 0.65508 0.0873827 0.644763
0 0.634583 0.656132 0.0815834 0.643961
0 0.708278 0.648164 0.0837813 0.648199
0 0.153494 0.679487 0.0750385 0.601039
0 0.0338491 0.580851 0.0676982 0.809447
0 0.98885 0.647139 0.0223009 0.665348
0 0.104819 0.561274 0.0521208 0.80124
0 0.0560354 0.573421 0.072741 0.804264
