0 0.382442 0.44505 0.239219 0.422078
0 0.87001 0.444937 0.253516 0.415324
0 0.153963 0.444182 0.234319 0.395464
0 0.390012 0.819892 0.228587 0.360216
0 0.862396 0.816636 0.236863 0.366729
0 0.169724 0.807449 0.230651 0.365596
0 0.611235 0.817798 0.213567 0.364405
0 0.614351 0.447657 0.229282 0.413106
0 0.0312569 0.805876 0.0625137 0.342504
0 0.0322446 0.134786 0.0632848 0.245666
0 0.0203249 0.378817 0.0406498 0.538793
0 0.0187078 0.455124 0.0374155 0.405456
0 0.02559 0.333048 0.05118 0.619227
0 0.985818 0.1366 0.0283632 0.24934
0 0.987168 0.849073 0.0256641 0.301854
