0 0.754553 0.262685 0.213361 0.414479
0 0.75177 0.561177 0.189159 0.251829
0 0.932315 0.826995 0.135021 0.34601
0 0.926381 0.445781 0.147239 0.521212
0 0.0314299 0.257035 0.0628598 0.493733
0 0.358024 0.524428 0.0882614 0.629126
0 0.0809873 0.253916 0.0849918 0.495577
0 0.28498 0.520771 0.0843259 0.598001
0 0.218375 0.492654 0.0861768 0.657915
0 0.427984 0.504593 0.0799196 0.593358
0 0.552258 0.461542 0.223631 0.845015
0 0.497768 0.517233 0.092332 0.564974
0 0.592464 0.572597 0.137675 0.610691
0 0.0754888 0.427236 0.150978 0.854472
